arr_size;at1;at2;at3;at4;at5;at6;at7;at8;at9;at10;at11;at12;at13;at14;at15;at16;at17;at18;at19;at20;at21;at22;at23;at24;at25;at26;at27;at28;at29;at30;at31;at32;at33;at34;at35;at36;at37;at38;at39;at40;at41;at42;at43;at44;at45;at46;at47;at48;at49;at50;at51;at52;at53;at54;at55;at56;at57;at58;at59;at60;at61;at62;at63;at64;at65;at66;at67;at68;at69;at70;at71;at72;at73;at74;at75;at76;at77;at78;at79;at80;at81;at82;at83;at84;at85;at86;at87;at88;at89;at90;at91;at92;at93;at94;at95;at96;at97;at98;at99;at100;at101;at102;at103;at104;at105;at106;at107;at108;at109;at110;at111;at112;at113;at114;at115;at116;at117;at118;at119;at120;at121;at122;at123;at124;at125;at126;at127;at128;at129;at130;at131;at132;at133;at134;at135;at136;at137;at138;at139;at140;at141;at142;at143;at144;at145;at146;at147;at148;at149;at150;at151;at152;at153;at154;at155;at156;at157;at158;at159;at160;at161;at162;at163;at164;at165;at166;at167;at168;at169;at170;at171;at172;at173;at174;at175;at176;at177;at178;at179;at180;at181;at182;at183;at184;at185;at186;at187;at188;at189;at190;at191;at192;at193;at194;at195;at196;at197;at198;at199;at200;schedule_type;OMP_SCHEDULE;chunk_size;chunk_size_div
100000;0.001295;0.001285;0.001277;0.001296;0.001275;0.001275;0.001281;0.001291;0.001277;0.001299;0.001296;0.001277;0.001267;0.001310;0.001302;0.001286;0.001299;0.001273;0.001285;0.001277;0.001278;0.001274;0.001275;0.001298;0.001280;0.001276;0.001294;0.001309;0.001279;0.001304;0.001278;0.001291;0.001272;0.001298;0.001266;0.001278;0.001276;0.001271;0.001287;0.001282;0.001303;0.001306;0.001285;0.001290;0.001283;0.001283;0.001279;0.001291;0.001277;0.001315;0.001281;0.001269;0.001296;0.001266;0.001287;0.001271;0.001296;0.001282;0.001289;0.001303;0.001279;0.001275;0.001273;0.001271;0.001292;0.001274;0.001296;0.001281;0.001300;0.001286;0.001420;0.001281;0.001298;0.001276;0.001275;0.001286;0.001304;0.001310;0.001299;0.001278;0.001273;0.001492;0.001280;0.001315;0.001281;0.001272;0.001276;0.001301;0.001279;0.001292;0.001313;0.001282;0.001308;0.001320;0.001307;0.001270;0.001282;0.001283;0.001282;0.001297;0.001357;0.001296;0.001313;0.001292;0.001274;0.001281;0.001270;0.001296;0.001303;0.001290;0.001296;0.001285;0.001283;0.001272;0.001268;0.001322;0.001290;0.001294;0.001275;0.001275;0.001281;0.001297;0.001286;0.001291;0.001299;0.001271;0.001283;0.001285;0.001289;0.001269;0.001284;0.001277;0.001289;0.001293;0.001274;0.001295;0.001276;0.001292;0.001273;0.001280;0.001277;0.001280;0.001275;0.001285;0.001281;0.001289;0.001272;0.001308;0.001271;0.001279;0.001279;0.001273;0.001308;0.001284;0.001285;0.001275;0.001274;0.001376;0.001280;0.001276;0.001281;0.001299;0.001277;0.001282;0.001280;0.001504;0.001281;0.001281;0.001282;0.001302;0.001278;0.001290;0.001270;0.001280;0.001276;0.001298;0.001276;0.001293;0.001282;0.001281;0.001280;0.001277;0.001273;0.001284;0.001284;0.001275;0.001285;0.001294;0.001280;0.001281;0.001284;0.001283;0.001281;0.001276;0.001304;0.001284;0.001278;0.001289;0.001266;0.001282;seq;seq;0;0
100000;0.000462;0.000463;0.000476;0.000472;0.000912;0.000463;0.000462;0.000481;0.000475;0.000469;0.000469;0.000459;0.000485;0.000474;0.000463;0.005774;0.000577;0.000876;0.000500;0.000480;0.000474;0.000476;0.000476;0.000479;0.000482;0.000471;0.000516;0.000476;0.000460;0.000494;0.000469;0.000472;0.000474;0.000473;0.000486;0.000472;0.000880;0.000478;0.000472;0.000469;0.000461;0.000461;0.000457;0.000467;0.000463;0.000460;0.000463;0.000460;0.000460;0.000458;0.000465;0.000465;0.000471;0.000462;0.000470;0.000460;0.000461;0.000461;0.000460;0.000457;0.000479;0.000475;0.000477;0.000470;0.000476;0.000471;0.000475;0.000468;0.000466;0.000459;0.000460;0.000460;0.000459;0.000473;0.000479;0.000465;0.000469;0.000460;0.000488;0.000478;0.000486;0.000456;0.000460;0.000483;0.000469;0.000487;0.000471;0.000454;0.005762;0.000476;0.000466;0.000470;0.000474;0.000466;0.000459;0.000460;0.000468;0.000455;0.000462;0.000459;0.000460;0.000458;0.000456;0.000456;0.000454;0.000511;0.000459;0.000460;0.000459;0.000459;0.000477;0.000458;0.000455;0.000469;0.000466;0.000467;0.000459;0.000468;0.000458;0.000476;0.000476;0.000464;0.000471;0.000455;0.000458;0.000468;0.000476;0.000456;0.000468;0.000460;0.000473;0.000449;0.000460;0.000451;0.000459;0.000455;0.000470;0.000478;0.000471;0.000486;0.000457;0.000523;0.000456;0.000469;0.000899;0.000479;0.000461;0.000501;0.000467;0.000467;0.000463;0.000464;0.000463;0.000462;0.000466;0.000467;0.000522;0.000458;0.000459;0.000466;0.000458;0.000461;0.000467;0.000462;0.000463;0.000470;0.000466;0.000465;0.000482;0.000473;0.000473;0.000477;0.000476;0.000470;0.000464;0.000463;0.000460;0.000461;0.000467;0.000461;0.000457;0.000459;0.000487;0.000477;0.000470;0.000472;0.000498;0.000459;0.000456;0.000455;0.000465;0.000463;0.000460;0.000460;0.000462;0.000462;0.000463;0.000488;0.000476;0.000454;auto;auto;0;0
100000;0.001081;0.001097;0.001089;0.001112;0.001089;0.001080;0.001076;0.001077;0.001081;0.001074;0.001083;0.001080;0.001087;0.001081;0.001100;0.001090;0.001078;0.001084;0.001089;0.001080;0.001090;0.001074;0.001090;0.001088;0.001079;0.001078;0.001131;0.001085;0.001080;0.001079;0.001085;0.001082;0.001103;0.001084;0.001078;0.001079;0.001092;0.001082;0.001081;0.001072;0.001083;0.001092;0.001083;0.001081;0.001086;0.001080;0.001075;0.001073;0.001077;0.001088;0.001083;0.001092;0.001086;0.001091;0.001079;0.001087;0.001081;0.001099;0.001079;0.001087;0.001086;0.001088;0.001075;0.001086;0.001079;0.001081;0.001083;0.001080;0.001084;0.001087;0.001087;0.001086;0.001087;0.001077;0.001086;0.001076;0.001088;0.001087;0.001083;0.001095;0.001078;0.001078;0.001088;0.001117;0.001078;0.001082;0.001089;0.001094;0.001087;0.001075;0.001088;0.001090;0.001073;0.001086;0.001088;0.001086;0.001078;0.001081;0.001115;0.001084;0.001081;0.001083;0.001077;0.001079;0.001103;0.001082;0.001092;0.001080;0.001079;0.001095;0.001077;0.001077;0.001076;0.001083;0.001078;0.001086;0.001093;0.001078;0.001081;0.001079;0.001085;0.001093;0.001081;0.001073;0.001094;0.001084;0.001085;0.001086;0.001115;0.001083;0.001090;0.001082;0.001088;0.001101;0.001086;0.001079;0.001077;0.001087;0.001085;0.001080;0.001093;0.001078;0.001093;0.001318;0.001086;0.001086;0.001093;0.001086;0.001087;0.001099;0.001080;0.001085;0.001083;0.001084;0.001080;0.001075;0.001081;0.001093;0.001092;0.001089;0.001092;0.001086;0.001084;0.001089;0.001088;0.001087;0.001089;0.001084;0.001081;0.001105;0.001091;0.001082;0.001085;0.001081;0.001106;0.001079;0.001476;0.001090;0.001084;0.001083;0.001104;0.001075;0.001089;0.001086;0.001079;0.001084;0.001078;0.001101;0.001112;0.001098;0.001111;0.001083;0.001082;0.001089;0.001086;0.001081;0.001076;0.001112;0.001101;0.001083;static;static,1;1;0
100000;0.004681;0.004810;0.004827;0.004426;0.004815;0.004880;0.004868;0.005015;0.004817;0.004814;0.004671;0.004883;0.004826;0.005016;0.004884;0.004857;0.004807;0.004867;0.004416;0.004803;0.004892;0.004811;0.004420;0.004839;0.004880;0.004663;0.004822;0.004815;0.004896;0.004815;0.004890;0.004884;0.004824;0.004820;0.005010;0.004804;0.004832;0.004656;0.005026;0.004825;0.004836;0.004856;0.004826;0.004885;0.004860;0.004879;0.004853;0.004824;0.004432;0.005019;0.004874;0.004856;0.004823;0.005020;0.004873;0.004868;0.004652;0.004864;0.004822;0.004800;0.004834;0.004880;0.005024;0.004832;0.004875;0.004820;0.005005;0.005022;0.004868;0.004874;0.004425;0.004823;0.004813;0.004651;0.004816;0.004814;0.004648;0.004993;0.004823;0.004833;0.005007;0.005012;0.004820;0.004820;0.004804;0.004823;0.004816;0.004815;0.004875;0.004884;0.005020;0.004831;0.004805;0.004421;0.004869;0.004861;0.004658;0.005007;0.004837;0.004813;0.005006;0.004821;0.004814;0.004424;0.004430;0.004420;0.004862;0.004645;0.004808;0.004871;0.004655;0.004812;0.004807;0.004418;0.004662;0.004429;0.004671;0.005031;0.004421;0.004874;0.004888;0.004833;0.004884;0.004677;0.004808;0.004420;0.004872;0.004870;0.004806;0.004443;0.004854;0.004821;0.004843;0.004876;0.004828;0.004824;0.004870;0.005041;0.004830;0.004815;0.004806;0.004417;0.004862;0.004811;0.004824;0.004870;0.004680;0.004418;0.004798;0.004866;0.004800;0.004432;0.004833;0.004816;0.004819;0.004876;0.004449;0.004831;0.004803;0.004908;0.004635;0.004811;0.004821;0.004662;0.004870;0.004807;0.004676;0.004879;0.004877;0.005006;0.004434;0.004823;0.004849;0.004821;0.005004;0.004822;0.004996;0.004803;0.004808;0.004832;0.004986;0.004864;0.004827;0.004873;0.004821;0.004823;0.004808;0.005015;0.004815;0.004649;0.005012;0.004805;0.004853;0.004868;0.004859;0.004886;0.004854;0.004795;0.004824;0.004816;dynamic;dynamic,1;1;0
100000;0.000473;0.000471;0.000475;0.000465;0.000460;0.000461;0.000460;0.000462;0.000458;0.000477;0.000475;0.000480;0.000510;0.000479;0.000481;0.000466;0.000460;0.000460;0.000465;0.000460;0.000468;0.000470;0.000459;0.000467;0.000460;0.000462;0.000461;0.000458;0.000465;0.000475;0.000476;0.000485;0.000475;0.000459;0.000465;0.000707;0.000458;0.000478;0.000477;0.000474;0.000479;0.000461;0.000476;0.000462;0.000460;0.000464;0.000462;0.000463;0.000463;0.000463;0.000489;0.000464;0.000460;0.000458;0.000468;0.000462;0.000458;0.000465;0.000465;0.000481;0.000469;0.000474;0.000482;0.000462;0.000461;0.000461;0.000470;0.007426;0.005564;0.005590;0.002229;0.007261;0.000468;0.000469;0.000465;0.000472;0.000486;0.000484;0.000477;0.000673;0.000475;0.000477;0.000488;0.000474;0.000473;0.000506;0.000470;0.000459;0.000461;0.000463;0.000463;0.000491;0.000475;0.000476;0.000457;0.004577;0.000459;0.000466;0.000462;0.000460;0.000461;0.000485;0.000463;0.000458;0.000480;0.000482;0.000476;0.000482;0.000473;0.000456;0.000460;0.000510;0.000462;0.000466;0.000466;0.000474;0.000473;0.000476;0.000470;0.000460;0.000477;0.000458;0.000460;0.000460;0.000462;0.000469;0.000464;0.000459;0.000459;0.000459;0.000456;0.000463;0.000464;0.000459;0.000459;0.000460;0.000463;0.000464;0.000459;0.000465;0.000459;0.000470;0.000460;0.000482;0.000464;0.000462;0.000474;0.000476;0.000484;0.000470;0.000471;0.000474;0.000459;0.000460;0.000465;0.000461;0.000459;0.000462;0.000461;0.000475;0.000479;0.000471;0.000477;0.000473;0.000480;0.000471;0.000468;0.000461;0.000468;0.000470;0.000463;0.000460;0.000477;0.000476;0.000470;0.000458;0.000471;0.000458;0.000458;0.000461;0.000465;0.000466;0.000475;0.000474;0.000471;0.000475;0.000478;0.000469;0.000473;0.000460;0.000457;0.000469;0.000458;0.000462;0.000460;0.000487;0.000465;0.000471;0.000484;0.000476;guided;guided,1;1;0
100000;0.000472;0.000466;0.000455;0.000466;0.000485;0.000462;0.000463;0.000468;0.000458;0.000471;0.000479;0.000471;0.000481;0.000477;0.000461;0.000457;0.000461;0.000467;0.000472;0.000462;0.000460;0.000466;0.000459;0.000479;0.000481;0.000466;0.000459;0.000461;0.000455;0.000461;0.000459;0.000462;0.000467;0.000474;0.000466;0.000463;0.000457;0.000456;0.000454;0.000460;0.000458;0.000474;0.000454;0.000472;0.000462;0.000470;0.000459;0.000473;0.000478;0.000470;0.000469;0.000469;0.000471;0.000467;0.000476;0.000457;0.000470;0.000477;0.000463;0.000458;0.000454;0.000462;0.000458;0.000461;0.000464;0.000464;0.000462;0.000459;0.000470;0.000461;0.000474;0.005875;0.000455;0.000452;0.000470;0.000461;0.000472;0.000472;0.000472;0.000454;0.000458;0.000474;0.000468;0.000454;0.000462;0.000458;0.000454;0.000469;0.000474;0.000454;0.000451;0.000457;0.000470;0.000488;0.000472;0.000465;0.000457;0.000460;0.000461;0.000474;0.000470;0.000460;0.000458;0.000492;0.000482;0.000467;0.000452;0.000470;0.000474;0.000469;0.000739;0.000459;0.000459;0.000452;0.000465;0.000465;0.000457;0.000453;0.000450;0.000473;0.000499;0.000459;0.000454;0.000473;0.000469;0.000471;0.000456;0.000497;0.000476;0.000463;0.000455;0.000474;0.000477;0.000454;0.000455;0.000456;0.000463;0.000471;0.000477;0.000470;0.000455;0.000457;0.000454;0.000455;0.000474;0.000471;0.000470;0.000454;0.000466;0.000470;0.000465;0.000453;0.000451;0.000469;0.000486;0.000452;0.000457;0.000490;0.000482;0.000463;0.000457;0.000458;0.000472;0.000474;0.000476;0.000459;0.000470;0.000477;0.000479;0.000458;0.000461;0.000486;0.000456;0.000469;0.000468;0.000481;0.000458;0.000461;0.000457;0.000458;0.000457;0.000457;0.000914;0.000463;0.000462;0.000461;0.000462;0.000463;0.000457;0.000465;0.000462;0.000456;0.000482;0.000465;0.000482;0.000457;0.000456;0.000477;0.000461;0.000481;static;static,12500;12500;8
100000;0.000465;0.000478;0.000481;0.000472;0.000473;0.000473;0.000478;0.000478;0.000460;0.000463;0.000465;0.000460;0.000471;0.000481;0.000479;0.000468;0.000463;0.000469;0.000478;0.000461;0.000465;0.000477;0.000479;0.000465;0.000465;0.000461;0.000480;0.000475;0.000464;0.000464;0.000460;0.000481;0.000481;0.000478;0.000479;0.000464;0.000467;0.000466;0.000475;0.000478;0.000464;0.000462;0.000462;0.000475;0.000482;0.000475;0.000481;0.000476;0.000482;0.000482;0.000471;0.000478;0.000482;0.000463;0.000463;0.000459;0.000462;0.000459;0.000460;0.000467;0.000477;0.000478;0.000474;0.000472;0.000473;0.000478;0.000466;0.000465;0.000467;0.000464;0.000465;0.000477;0.000476;0.000474;0.000477;0.000474;0.000461;0.000475;0.000476;0.000465;0.000462;0.000463;0.000464;0.000468;0.000463;0.000473;0.000459;0.000473;0.000474;0.000469;0.000478;0.000459;0.000463;0.000462;0.000473;0.000481;0.000463;0.000461;0.000466;0.000461;0.000466;0.000480;0.000461;0.000462;0.000469;0.000475;0.000461;0.000470;0.000457;0.000471;0.000478;0.000465;0.000466;0.000487;0.000477;0.000465;0.000479;0.000481;0.000465;0.000462;0.000465;0.000464;0.000466;0.000478;0.000471;0.000464;0.000465;0.000470;0.000476;0.000476;0.000461;0.000465;0.000480;0.000486;0.000465;0.000461;0.000460;0.000472;0.000472;0.000461;0.000475;0.000474;0.000463;0.000461;0.000463;0.000484;0.000471;0.000477;0.000460;0.000462;0.000459;0.000503;0.000478;0.000460;0.000459;0.000463;0.000474;0.000471;0.000460;0.000459;0.000463;0.000467;0.000477;0.000474;0.000462;0.000461;0.000469;0.000473;0.000464;0.000468;0.000475;0.000462;0.000454;0.000465;0.000487;0.000468;0.000460;0.000454;0.000463;0.000469;0.000481;0.000492;0.000462;0.000462;0.000457;0.000487;0.000471;0.000480;0.000459;0.000458;0.000474;0.000469;0.000478;0.000466;0.000465;0.000465;0.000468;0.000478;0.000483;0.000469;static;static,6250;6250;16
100000;0.000461;0.000459;0.000479;0.000480;0.000477;0.000488;0.000463;0.000463;0.000462;0.000820;0.000459;0.000465;0.000461;0.000505;0.000472;0.000474;0.000472;0.000474;0.000460;0.000461;0.000460;0.000478;0.000481;0.000488;0.000460;0.000468;0.000466;0.000485;0.000475;0.000476;0.000459;0.000472;0.000465;0.000468;0.000476;0.000463;0.000460;0.000460;0.000469;0.000476;0.000491;0.000458;0.000458;0.000460;0.000462;0.000469;0.000479;0.000476;0.000458;0.000455;0.000461;0.000458;0.000488;0.000496;0.000465;0.000463;0.000464;0.000465;0.000476;0.000476;0.000472;0.000463;0.000455;0.000459;0.000494;0.000480;0.000473;0.000456;0.000458;0.000464;0.000463;0.000477;0.000477;0.000486;0.000484;0.000469;0.000461;0.000459;0.000472;0.000476;0.000481;0.000473;0.000475;0.000482;0.000479;0.000481;0.000465;0.000465;0.000468;0.000475;0.000481;0.000490;0.000458;0.000464;0.000470;0.000477;0.000483;0.000461;0.000468;0.000476;0.000500;0.000519;0.000499;0.000470;0.000478;0.000482;0.000485;0.000475;0.000473;0.000474;0.000477;0.000481;0.000476;0.000480;0.000473;0.000465;0.000466;0.000463;0.000467;0.000462;0.000466;0.000473;0.000493;0.000476;0.000476;0.000472;0.000475;0.000481;0.000495;0.000469;0.000474;0.000476;0.000475;0.000477;0.000477;0.000485;0.000474;0.000464;0.000462;0.000475;0.000475;0.000461;0.000461;0.000463;0.000485;0.000473;0.000487;0.000485;0.000465;0.000463;0.000463;0.000464;0.000465;0.000479;0.000477;0.000482;0.000483;0.000474;0.000477;0.000477;0.000465;0.000464;0.000460;0.000464;0.000463;0.000468;0.000464;0.000463;0.000462;0.000464;0.000468;0.000482;0.000471;0.000494;0.000478;0.000494;0.000465;0.000467;0.000488;0.000479;0.000482;0.000465;0.000462;0.000487;0.000479;0.000477;0.000467;0.000472;0.000481;0.000479;0.000462;0.000469;0.000466;0.000479;0.000477;0.000476;0.000466;0.000469;0.000493;0.000476;static;static,4166;4166;24
100000;0.000485;0.000478;0.000557;0.000483;0.000485;0.000478;0.000465;0.000468;0.000464;0.000468;0.000488;0.000483;0.000481;0.000471;0.000466;0.000468;0.000469;0.000471;0.000474;0.000470;0.000482;0.000477;0.000494;0.000483;0.000472;0.000471;0.000472;0.000472;0.000480;0.000478;0.000486;0.000484;0.000491;0.000484;0.000481;0.000484;0.000484;0.000466;0.000477;0.000473;0.000469;0.000469;0.000469;0.000469;0.000471;0.000468;0.000468;0.000466;0.000468;0.000465;0.000487;0.000469;0.000467;0.000468;0.000465;0.000486;0.000468;0.000486;0.000479;0.000483;0.000481;0.000480;0.000479;0.000469;0.000471;0.000467;0.000468;0.000484;0.000478;0.000483;0.000466;0.000466;0.000471;0.000470;0.000466;0.000470;0.000467;0.000484;0.000472;0.000471;0.000481;0.000472;0.000493;0.000479;0.000497;0.000498;0.000484;0.000488;0.000485;0.000497;0.000468;0.000463;0.000470;0.000472;0.000467;0.000466;0.000470;0.000471;0.000473;0.000472;0.000470;0.000471;0.000467;0.000503;0.000469;0.000474;0.000466;0.000468;0.000470;0.000470;0.000480;0.000484;0.000465;0.000465;0.000469;0.000467;0.000467;0.000470;0.000465;0.000477;0.000468;0.000471;0.000495;0.000474;0.000495;0.000481;0.000504;0.000474;0.000465;0.000467;0.000474;0.000465;0.000470;0.000466;0.000475;0.000472;0.000470;0.000471;0.000480;0.000471;0.000481;0.000466;0.000477;0.000464;0.000467;0.000474;0.000474;0.000470;0.000472;0.000472;0.000475;0.000487;0.000501;0.000478;0.000507;0.000482;0.000492;0.000471;0.000476;0.000472;0.000472;0.000470;0.000476;0.000466;0.000468;0.000475;0.000472;0.000480;0.000477;0.000478;0.000480;0.000485;0.000481;0.000471;0.000471;0.000469;0.000471;0.000464;0.000473;0.000490;0.000479;0.000486;0.000481;0.000482;0.000468;0.000470;0.000470;0.000469;0.000476;0.000471;0.000468;0.000485;0.000481;0.000475;0.000467;0.000471;0.000463;0.000472;0.000470;0.000470;static;static,3125;3125;32
100000;0.000469;0.002166;0.000459;0.000462;0.000469;0.000476;0.000466;0.000493;0.000466;0.000470;0.000483;0.000462;0.000471;0.000467;0.000482;0.000469;0.000459;0.000458;0.000459;0.000461;0.000463;0.000465;0.000460;0.000474;0.000479;0.000469;0.000481;0.000472;0.000460;0.000460;0.000458;0.000466;0.000457;0.000472;0.000457;0.000460;0.000467;0.000457;0.000460;0.000469;0.000469;0.000458;0.000460;0.000469;0.000505;0.000466;0.000473;0.000467;0.000470;0.000481;0.000456;0.000461;0.000460;0.000467;0.000457;0.000469;0.000470;0.000484;0.000476;0.000481;0.000470;0.000468;0.000462;0.000467;0.000461;0.000469;0.000481;0.000478;0.000489;0.000473;0.000475;0.000461;0.000507;0.000463;0.000464;0.000460;0.000461;0.000484;0.000469;0.000467;0.000477;0.000909;0.000470;0.000461;0.000462;0.000456;0.000467;0.000458;0.000465;0.000480;0.000463;0.000473;0.000533;0.000471;0.000473;0.000475;0.000480;0.000474;0.000465;0.000461;0.005589;0.000497;0.003358;0.000473;0.000476;0.000468;0.000684;0.000460;0.000464;0.000473;0.000465;0.000456;0.000467;0.000465;0.000461;0.000464;0.000462;0.000462;0.000459;0.000462;0.000476;0.000481;0.000472;0.000472;0.000486;0.000475;0.000469;0.000668;0.000478;0.000476;0.000472;0.000473;0.000461;0.000465;0.000458;0.000462;0.000464;0.000464;0.000464;0.000464;0.000475;0.000485;0.000461;0.000472;0.000492;0.000472;0.000468;0.000472;0.000471;0.000473;0.000474;0.000471;0.000476;0.000475;0.000482;0.000469;0.000474;0.000454;0.000485;0.000456;0.000472;0.000455;0.000460;0.000465;0.000457;0.000464;0.000491;0.000480;0.000476;0.000477;0.000467;0.000470;0.000460;0.000459;0.000459;0.000455;0.000464;0.000479;0.000481;0.000467;0.000475;0.000468;0.000480;0.000478;0.000476;0.000470;0.000456;0.000466;0.000459;0.000465;0.000458;0.000467;0.000490;0.000484;0.000470;0.000468;0.000501;0.000471;0.000473;0.000474;dynamic;dynamic,12500;12500;8
100000;0.000481;0.000479;0.000475;0.000476;0.000462;0.000464;0.000468;0.000466;0.000463;0.000464;0.000465;0.000465;0.000470;0.000467;0.000463;0.000474;0.000481;0.000475;0.000492;0.000474;0.000481;0.000472;0.000495;0.000471;0.000478;0.000478;0.000473;0.000477;0.000462;0.000464;0.000492;0.000466;0.000463;0.000467;0.000676;0.000469;0.000466;0.000462;0.000470;0.000462;0.000461;0.000462;0.000467;0.000473;0.000457;0.000466;0.000526;0.000466;0.000475;0.000477;0.000473;0.000479;0.000476;0.000465;0.000464;0.000467;0.000470;0.000461;0.000469;0.000477;0.000483;0.000659;0.000476;0.000488;0.000475;0.000476;0.000476;0.000470;0.000467;0.000461;0.000458;0.000464;0.000482;0.000462;0.000483;0.000474;0.000466;0.000460;0.000464;0.000466;0.000485;0.000466;0.000470;0.000464;0.000463;0.000465;0.000460;0.000462;0.000461;0.000462;0.000463;0.000487;0.000490;0.000476;0.000472;0.000483;0.000472;0.000463;0.000458;0.000461;0.000462;0.000459;0.000462;0.000475;0.000475;0.000491;0.000499;0.000479;0.000477;0.000473;0.000477;0.000477;0.000477;0.000478;0.000474;0.000479;0.000476;0.000476;0.000477;0.000473;0.000479;0.000458;0.000465;0.000462;0.000461;0.000464;0.000459;0.000462;0.000466;0.000463;0.000462;0.000458;0.000471;0.000474;0.000480;0.000481;0.000482;0.000479;0.000459;0.000480;0.000461;0.000461;0.000461;0.000466;0.000889;0.000481;0.000483;0.000479;0.000474;0.000478;0.000474;0.000477;0.000474;0.000462;0.000459;0.000460;0.000470;0.000463;0.000477;0.000467;0.000465;0.000465;0.000465;0.000459;0.000471;0.000462;0.000503;0.000486;0.000487;0.000471;0.000478;0.000472;0.000470;0.000462;0.000471;0.000461;0.000489;0.000462;0.000501;0.000482;0.000478;0.000473;0.000459;0.000489;0.000458;0.000465;0.000462;0.000463;0.000478;0.000471;0.000474;0.000464;0.000467;0.000462;0.000484;0.000472;0.000466;0.000464;0.000464;0.000462;dynamic;dynamic,6250;6250;16
100000;0.000459;0.000489;0.000489;0.000479;0.000486;0.000481;0.000489;0.000464;0.000484;0.000479;0.000488;0.000475;0.000489;0.000465;0.000470;0.000466;0.000482;0.000484;0.000487;0.000474;0.000494;0.000480;0.000471;0.000464;0.000462;0.000467;0.000459;0.000503;0.000460;0.000480;0.000474;0.000473;0.000478;0.000482;0.000459;0.000476;0.000470;0.000464;0.000476;0.000499;0.000476;0.000479;0.000476;0.000485;0.000476;0.000468;0.000460;0.000467;0.000466;0.000470;0.000463;0.000465;0.000463;0.000487;0.000477;0.000482;0.000471;0.000476;0.000476;0.000483;0.000463;0.000494;0.000459;0.000462;0.000466;0.000463;0.000466;0.000464;0.000464;0.000464;0.000463;0.000463;0.000468;0.000463;0.000465;0.000461;0.000475;0.000468;0.000466;0.000459;0.000462;0.000465;0.000462;0.000480;0.000475;0.000478;0.000476;0.000487;0.000472;0.000485;0.000471;0.000487;0.000480;0.000484;0.000472;0.000484;0.000472;0.000468;0.000466;0.000460;0.000460;0.000463;0.000474;0.000469;0.000475;0.000481;0.000473;0.000527;0.000483;0.000478;0.000476;0.000460;0.000465;0.000464;0.000467;0.000466;0.000462;0.000467;0.000465;0.000466;0.000469;0.000468;0.000467;0.000464;0.000461;0.000460;0.000477;0.000471;0.000471;0.000484;0.000476;0.000478;0.000484;0.000462;0.000465;0.000460;0.000461;0.000461;0.000466;0.000939;0.000477;0.000462;0.000468;0.000465;0.000460;0.000469;0.000474;0.000479;0.000481;0.000495;0.000479;0.000460;0.000462;0.000462;0.000458;0.000466;0.000464;0.000467;0.000472;0.000476;0.000468;0.000457;0.000465;0.000463;0.000465;0.000482;0.000473;0.000477;0.000474;0.000480;0.000476;0.000460;0.000461;0.000459;0.000461;0.000473;0.000463;0.000471;0.000461;0.000464;0.000464;0.000492;0.000461;0.000462;0.000485;0.000470;0.000470;0.000467;0.000466;0.000461;0.000461;0.000463;0.000460;0.000462;0.000458;0.000464;0.000458;0.000464;0.000476;0.000474;dynamic;dynamic,4166;4166;24
100000;0.000467;0.000490;0.000468;0.000465;0.000467;0.000467;0.000492;0.000485;0.000498;0.000466;0.000469;0.000477;0.000475;0.000475;0.000479;0.000477;0.000464;0.000666;0.000469;0.000462;0.000467;0.000485;0.000470;0.000464;0.000473;0.000482;0.000468;0.000472;0.000477;0.000483;0.000482;0.000468;0.000467;0.000469;0.000486;0.000492;0.000470;0.000468;0.000471;0.000473;0.000470;0.000479;0.000465;0.000475;0.000471;0.000497;0.000488;0.000486;0.000483;0.000491;0.003112;0.000468;0.000468;0.000468;0.000463;0.000481;0.000481;0.000467;0.000480;0.000488;0.000468;0.000507;0.000487;0.000471;0.000469;0.000485;0.000485;0.000466;0.000469;0.000479;0.000506;0.000492;0.000468;0.001842;0.005509;0.005529;0.005756;0.007242;0.005529;0.005504;0.005562;0.002985;0.006925;0.005518;0.005493;0.005533;0.005544;0.005529;0.005500;0.005534;0.005607;0.005615;0.005518;0.005554;0.005553;0.005526;0.005565;0.005555;0.007353;0.007288;0.005539;0.005528;0.007232;0.007240;0.007292;0.005564;0.007252;0.005585;0.005567;0.007257;0.005570;0.005572;0.007247;0.005564;0.005570;0.007273;0.005560;0.007309;0.005613;0.005569;0.005610;0.005554;0.001928;0.007242;0.007283;0.005572;0.005518;0.005520;0.006051;0.007225;0.007348;0.005563;0.005541;0.007455;0.003605;0.005536;0.005538;0.005521;0.005213;0.005525;0.004466;0.005607;0.005417;0.000490;0.000488;0.000484;0.000490;0.000512;0.000483;0.000474;0.000473;0.000478;0.000469;0.000489;0.000486;0.000500;0.000488;0.000485;0.000501;0.000470;0.000482;0.000474;0.000470;0.000474;0.000468;0.000480;0.000482;0.000483;0.000482;0.000489;0.000488;0.000484;0.000487;0.000486;0.000474;0.000463;0.000484;0.000481;0.000473;0.000468;0.000500;0.000488;0.000483;0.000480;0.000472;0.000469;0.000479;0.000481;0.000486;0.000487;0.000476;0.000481;0.000464;0.000484;0.000466;0.000470;0.000468;0.000507;0.000500;0.000479;dynamic;dynamic,3125;3125;32
100000;0.000503;0.000484;0.000946;0.000481;0.000494;0.000499;0.000499;0.000478;0.000477;0.000477;0.000474;0.000477;0.000494;0.000492;0.000482;0.000476;0.000478;0.000477;0.000497;0.000481;0.000479;0.000476;0.000485;0.000488;0.000485;0.000488;0.000495;0.000491;0.000493;0.000498;0.000489;0.000493;0.000497;0.000488;0.000500;0.000503;0.000493;0.000494;0.000493;0.000484;0.000491;0.000489;0.000489;0.000494;0.000484;0.000490;0.000490;0.000491;0.000486;0.000496;0.000501;0.000495;0.000486;0.000494;0.000491;0.000492;0.000491;0.000491;0.000480;0.000478;0.000473;0.000475;0.000477;0.000672;0.000501;0.000490;0.000478;0.000491;0.000494;0.000487;0.000491;0.000491;0.000491;0.000493;0.000489;0.000490;0.000488;0.000490;0.000501;0.000485;0.000500;0.000490;0.000497;0.000502;0.000527;0.000497;0.000504;0.000487;0.000499;0.000495;0.000490;0.000493;0.000491;0.000479;0.000494;0.000480;0.000485;0.000478;0.000507;0.000488;0.000490;0.000493;0.000491;0.000495;0.000491;0.000498;0.000493;0.000501;0.000688;0.000484;0.000481;0.000534;0.000487;0.000479;0.000482;0.000476;0.000490;0.000479;0.000490;0.000484;0.000537;0.000492;0.000489;0.000490;0.000482;0.000479;0.000473;0.000475;0.000475;0.000478;0.000507;0.000488;0.000489;0.000483;0.000495;0.000489;0.000482;0.000485;0.000475;0.000476;0.000484;0.000485;0.000480;0.000891;0.000484;0.000482;0.000476;0.000472;0.000472;0.000491;0.000485;0.000492;0.000486;0.000488;0.000472;0.000487;0.000487;0.000479;0.000484;0.000488;0.000483;0.000478;0.000470;0.000473;0.000478;0.000473;0.000474;0.000480;0.000476;0.000489;0.000491;0.000492;0.000493;0.000496;0.000492;0.000493;0.000490;0.000491;0.000493;0.000491;0.000500;0.000487;0.000487;0.000477;0.000480;0.000481;0.000478;0.000482;0.000478;0.000486;0.000494;0.000489;0.000492;0.000494;0.000488;0.000489;0.000490;0.000493;0.000489;0.000495;guided;guided,12500;12500;8
100000;0.000477;0.000458;0.000479;0.000471;0.000477;0.000466;0.000459;0.000482;0.000465;0.000464;0.000473;0.000474;0.000470;0.000480;0.000457;0.000457;0.000464;0.000469;0.000458;0.000467;0.000470;0.000472;0.000459;0.000458;0.000472;0.000457;0.000480;0.000470;0.000458;0.000468;0.000453;0.000474;0.000471;0.000473;0.000461;0.000459;0.000460;0.000456;0.000486;0.000481;0.000473;0.000482;0.000491;0.000461;0.000456;0.000478;0.000488;0.000471;0.000460;0.000458;0.000467;0.000462;0.000470;0.000474;0.000458;0.000461;0.000466;0.000472;0.000458;0.000461;0.000489;0.000475;0.000475;0.000462;0.000460;0.000459;0.000471;0.000471;0.000478;0.000695;0.000463;0.000456;0.000469;0.000487;0.000457;0.000476;0.000459;0.000470;0.000472;0.000465;0.000464;0.000457;0.000463;0.000483;0.000484;0.000475;0.000458;0.000469;0.000459;0.000474;0.000476;0.000461;0.000464;0.000469;0.000465;0.000471;0.000482;0.000469;0.000460;0.000471;0.000463;0.000466;0.000479;0.000478;0.000477;0.000468;0.000473;0.000479;0.000477;0.000480;0.000478;0.000477;0.000469;0.000464;0.000467;0.000490;0.000480;0.000473;0.000466;0.000463;0.000473;0.000475;0.000892;0.000481;0.000474;0.000463;0.000471;0.000460;0.000496;0.000475;0.000472;0.000462;0.000459;0.000461;0.000484;0.000462;0.000471;0.000475;0.000463;0.000461;0.000461;0.000481;0.000471;0.000477;0.000510;0.000464;0.000462;0.000459;0.000463;0.000478;0.000465;0.000474;0.000461;0.000460;0.000466;0.000456;0.000521;0.000468;0.000461;0.000467;0.000457;0.000488;0.000473;0.000456;0.000459;0.000464;0.000475;0.000462;0.000523;0.000484;0.000469;0.000463;0.000473;0.000476;0.000476;0.000475;0.000475;0.000461;0.000465;0.000470;0.000461;0.000462;0.000469;0.000476;0.000474;0.000462;0.000463;0.000462;0.000462;0.000469;0.000469;0.000474;0.000485;0.000482;0.000468;0.000465;0.000472;0.000464;0.000473;0.000465;guided;guided,6250;6250;16
100000;0.000491;0.000483;0.000491;0.000497;0.000487;0.000490;0.000480;0.000474;0.000486;0.000482;0.000522;0.000491;0.000489;0.000483;0.000484;0.000474;0.000479;0.000479;0.000491;0.000502;0.000480;0.000482;0.000480;0.000477;0.000479;0.000498;0.000496;0.000480;0.000494;0.000516;0.000489;0.000498;0.000494;0.000478;0.000471;0.000490;0.000489;0.000494;0.000477;0.000478;0.000487;0.000488;0.000506;0.000499;0.000475;0.000478;0.000480;0.000491;0.000472;0.000487;0.000489;0.000488;0.000491;0.000484;0.000478;0.000487;0.000507;0.000483;0.000494;0.000484;0.000501;0.000495;0.000478;0.000488;0.000499;0.000489;0.000494;0.000494;0.000495;0.000482;0.000475;0.000479;0.000484;0.000491;0.000497;0.000479;0.000484;0.000476;0.000481;0.000486;0.000479;0.000490;0.000492;0.000496;0.000483;0.000474;0.000473;0.000505;0.000486;0.000700;0.000490;0.000490;0.000490;0.000497;0.000491;0.000484;0.000481;0.000480;0.000497;0.000499;0.000489;0.000500;0.000494;0.000475;0.000477;0.000480;0.000496;0.000503;0.000493;0.000493;0.000495;0.000476;0.000481;0.000483;0.000479;0.000479;0.000484;0.000480;0.000496;0.000494;0.000496;0.000502;0.000477;0.000487;0.000481;0.000479;0.000491;0.000495;0.000480;0.000476;0.000479;0.000489;0.000499;0.005616;0.002124;0.000489;0.000500;0.000493;0.000488;0.000478;0.000479;0.000478;0.000481;0.000492;0.000495;0.000481;0.000482;0.000482;0.000480;0.000477;0.000494;0.000486;0.000504;0.000480;0.000476;0.000473;0.000481;0.000482;0.000490;0.000487;0.000490;0.000479;0.000485;0.000486;0.000494;0.000478;0.000485;0.000501;0.000497;0.000497;0.000497;0.000481;0.000489;0.001728;0.000482;0.000479;0.000495;0.000481;0.000482;0.000497;0.001092;0.000481;0.000511;0.000484;0.000497;0.000493;0.000503;0.000488;0.000509;0.000489;0.000497;0.000489;0.000490;0.000491;0.000499;0.000491;0.000939;0.000485;0.000486;0.000497;guided;guided,4166;4166;24
100000;0.000525;0.000502;0.000478;0.000476;0.000485;0.000558;0.001304;0.000482;0.000476;0.000483;0.000495;0.000491;0.000490;0.000483;0.000496;0.000478;0.003768;0.000484;0.000495;0.000487;0.000486;0.000483;0.000511;0.000477;0.000472;0.000471;0.001444;0.000477;0.000475;0.000478;0.000474;0.000472;0.000473;0.000473;0.000468;0.000475;0.000482;0.000491;0.000482;0.000493;0.000477;0.000492;0.000491;0.000489;0.000480;0.000481;0.000491;0.000488;0.000484;0.000480;0.000474;0.000526;0.000494;0.000482;0.000479;0.000483;0.000491;0.000484;0.000486;0.000478;0.000476;0.000487;0.000481;0.000477;0.000485;0.000480;0.000495;0.000484;0.000487;0.000476;0.000486;0.000470;0.000474;0.000468;0.000473;0.000469;0.000713;0.000481;0.000491;0.000480;0.000482;0.000480;0.000489;0.000480;0.000468;0.000476;0.000480;0.000479;0.000474;0.000472;0.000469;0.000476;0.000479;0.000479;0.000480;0.000486;0.000476;0.000483;0.000484;0.000499;0.000480;0.000495;0.000481;0.000493;0.000487;0.000495;0.000492;0.000492;0.000490;0.000494;0.000475;0.000469;0.000471;0.000467;0.000481;0.000483;0.000483;0.000489;0.000475;0.000487;0.000473;0.000474;0.000483;0.000493;0.000474;0.000491;0.000472;0.000481;0.000487;0.000489;0.000488;0.000482;0.000487;0.000489;0.000496;0.000482;0.000487;0.000482;0.000482;0.000477;0.000511;0.000471;0.000484;0.000500;0.000493;0.000484;0.000515;0.000483;0.000490;0.000491;0.000483;0.000487;0.000478;0.000476;0.000481;0.000500;0.000505;0.000480;0.000485;0.000470;0.000470;0.000471;0.000473;0.000473;0.000493;0.000482;0.000487;0.000481;0.000481;0.000487;0.000478;0.000487;0.000478;0.000480;0.000490;0.000471;0.000474;0.000485;0.000489;0.000475;0.000472;0.005643;0.000489;0.000475;0.000480;0.000488;0.000483;0.000484;0.000485;0.000490;0.000471;0.000482;0.000473;0.000472;0.000468;0.000471;0.000470;0.000472;0.000471;0.000477;guided;guided,3125;3125;32
200000;0.002562;0.002584;0.002590;0.002586;0.002566;0.002565;0.002579;0.002544;0.002556;0.002582;0.002596;0.002605;0.002604;0.002603;0.002576;0.002585;0.002572;0.002576;0.002591;0.002964;0.002558;0.002573;0.002548;0.002559;0.002565;0.002567;0.002571;0.002560;0.002552;0.002554;0.002543;0.002559;0.002568;0.002577;0.002568;0.002556;0.002557;0.002547;0.002546;0.002561;0.002552;0.002580;0.002567;0.002564;0.002558;0.002554;0.002561;0.002578;0.002552;0.002661;0.002554;0.002563;0.002552;0.002576;0.002570;0.002564;0.002566;0.002545;0.002588;0.002571;0.002554;0.002565;0.002546;0.002554;0.002555;0.002559;0.002683;0.002556;0.002550;0.002549;0.002569;0.002552;0.002546;0.002605;0.002567;0.002564;0.002566;0.002586;0.002559;0.002559;0.002554;0.002550;0.002567;0.002566;0.002560;0.002568;0.002559;0.002562;0.002579;0.002557;0.002560;0.002574;0.002576;0.002571;0.002568;0.002562;0.002569;0.002566;0.002578;0.002566;0.002563;0.002574;0.002585;0.002563;0.002562;0.002573;0.002556;0.002557;0.002543;0.002576;0.002575;0.002572;0.002574;0.002553;0.002600;0.002577;0.002597;0.002562;0.002559;0.002567;0.002575;0.002571;0.002551;0.002575;0.002567;0.002567;0.002577;0.002609;0.002574;0.002562;0.002572;0.002559;0.002542;0.002568;0.002546;0.002551;0.002558;0.002588;0.002569;0.002574;0.002555;0.002556;0.002541;0.002571;0.002560;0.002730;0.002736;0.002616;0.002599;0.002555;0.002561;0.002550;0.002586;0.002566;0.002558;0.002566;0.002548;0.002564;0.002570;0.002565;0.002579;0.002552;0.002567;0.002562;0.002579;0.002582;0.002581;0.002578;0.002567;0.002571;0.002583;0.002556;0.002573;0.002561;0.002573;0.002648;0.002563;0.002586;0.002562;0.002562;0.002556;0.002563;0.002545;0.002560;0.002558;0.002577;0.002583;0.002564;0.002567;0.002574;0.002549;0.002575;0.002946;0.002552;0.002570;0.002565;0.002555;0.002561;0.002555;0.002569;seq;seq;0;0
200000;0.000788;0.000793;0.000784;0.000771;0.000825;0.000786;0.000768;0.000786;0.000791;0.000802;0.000863;0.000829;0.000785;0.000787;0.000783;0.000769;0.000800;0.000817;0.000819;0.000777;0.000786;0.000784;0.000778;0.000772;0.000785;0.000805;0.000787;0.000785;0.000786;0.000792;0.000792;0.000803;0.000775;0.000789;0.000789;0.000767;0.000787;0.000786;0.000787;0.000835;0.000776;0.000798;0.000787;0.000793;0.000786;0.000779;0.000803;0.000784;0.000769;0.000784;0.000769;0.000785;0.000780;0.001247;0.000787;0.000849;0.000792;0.000782;0.000785;0.000783;0.000772;0.000788;0.000796;0.000785;0.000776;0.000792;0.000768;0.000781;0.000850;0.000784;0.000790;0.000768;0.000797;0.000790;0.000789;0.000783;0.000777;0.000774;0.000782;0.000792;0.000792;0.000782;0.000787;0.000788;0.000777;0.000765;0.000783;0.000783;0.000772;0.000787;0.000805;0.000772;0.000786;0.000793;0.000794;0.000778;0.000794;0.000785;0.000784;0.000790;0.000769;0.000784;0.000849;0.000786;0.000832;0.000784;0.000783;0.000784;0.000783;0.000793;0.000789;0.005252;0.000779;0.000786;0.000784;0.000787;0.000803;0.000803;0.000783;0.000777;0.000803;0.000780;0.000771;0.000782;0.000814;0.000777;0.000792;0.000783;0.000784;0.000783;0.000782;0.000788;0.000772;0.000791;0.000788;0.000770;0.000785;0.000778;0.000808;0.000791;0.000791;0.000793;0.000816;0.000765;0.000783;0.000781;0.000773;0.000768;0.000780;0.000787;0.000797;0.000785;0.000782;0.000789;0.000780;0.001221;0.000791;0.000779;0.000828;0.000785;0.000792;0.000769;0.000786;0.000768;0.000785;0.000785;0.000773;0.000784;0.000792;0.000779;0.000791;0.000784;0.000779;0.000786;0.000781;0.000769;0.000791;0.000795;0.000784;0.000785;0.000971;0.000792;0.000789;0.000777;0.000779;0.000784;0.000779;0.000770;0.000783;0.000785;0.000783;0.000779;0.000771;0.000778;0.000781;0.000782;0.000788;0.000796;0.000781;0.000785;auto;auto;0;0
200000;0.002022;0.002026;0.002038;0.002017;0.002039;0.002020;0.002011;0.002039;0.002016;0.002021;0.002019;0.002027;0.002015;0.002025;0.002024;0.002022;0.002014;0.002035;0.002015;0.002033;0.002018;0.002019;0.002029;0.002020;0.002021;0.002023;0.002019;0.002015;0.002023;0.002017;0.002027;0.002028;0.002031;0.002025;0.002032;0.002020;0.002030;0.002031;0.002019;0.002017;0.002030;0.002021;0.002024;0.002023;0.002016;0.002031;0.002024;0.002017;0.002032;0.002025;0.002015;0.002020;0.002022;0.002015;0.002029;0.002031;0.002017;0.002037;0.002050;0.002021;0.002012;0.002030;0.002029;0.002013;0.002033;0.002008;0.002024;0.002034;0.002019;0.002023;0.002025;0.002021;0.002022;0.002020;0.002025;0.002016;0.002017;0.002016;0.002009;0.002011;0.002010;0.002025;0.002013;0.002021;0.002030;0.002032;0.002019;0.002032;0.002225;0.002038;0.002037;0.002022;0.002024;0.002044;0.002024;0.002023;0.002022;0.002015;0.002013;0.002020;0.002020;0.002020;0.002013;0.002014;0.002031;0.002018;0.002033;0.002034;0.002036;0.002027;0.002029;0.002026;0.002026;0.002017;0.002047;0.002019;0.002036;0.002023;0.002031;0.002053;0.002024;0.002024;0.002023;0.002021;0.002021;0.002014;0.002017;0.002027;0.002016;0.002030;0.002038;0.002022;0.002035;0.002022;0.002009;0.002043;0.002013;0.002022;0.002050;0.002021;0.002017;0.002035;0.002022;0.002043;0.002015;0.002027;0.002007;0.002020;0.002020;0.002035;0.002008;0.002023;0.002022;0.002017;0.002025;0.002031;0.002021;0.002008;0.004467;0.002005;0.002014;0.002025;0.002035;0.002012;0.002031;0.002021;0.002020;0.002019;0.002025;0.002013;0.002008;0.002016;0.002276;0.002020;0.002026;0.002021;0.002024;0.002010;0.002044;0.002021;0.002024;0.002020;0.002065;0.002017;0.002023;0.002025;0.002018;0.002051;0.002044;0.002019;0.002007;0.002030;0.002019;0.002032;0.002016;0.002018;0.002018;0.002018;0.002013;0.002023;static;static,1;1;0
200000;0.009591;0.009169;0.009874;0.009833;0.008688;0.009493;0.009599;0.009875;0.009856;0.009485;0.009571;0.009598;0.009468;0.009494;0.009156;0.009883;0.009456;0.009847;0.009482;0.009152;0.009486;0.009872;0.009875;0.009491;0.009592;0.008703;0.009500;0.008723;0.009571;0.009596;0.009493;0.009512;0.009132;0.009489;0.009494;0.009482;0.009600;0.009200;0.009475;0.009476;0.009468;0.009511;0.009919;0.008704;0.009156;0.009510;0.009595;0.009169;0.009472;0.009170;0.008699;0.009602;0.009175;0.009861;0.009485;0.009154;0.009590;0.009459;0.009576;0.009500;0.009890;0.009882;0.009840;0.009514;0.009573;0.009590;0.008701;0.009839;0.009496;0.009883;0.009498;0.008737;0.009486;0.009862;0.009841;0.009503;0.009599;0.009169;0.009860;0.009482;0.009518;0.009491;0.009875;0.009868;0.009644;0.008845;0.011170;0.009599;0.009505;0.009603;0.009586;0.009529;0.009877;0.009508;0.009180;0.008706;0.009597;0.009579;0.008709;0.008703;0.009454;0.009888;0.009484;0.009142;0.009844;0.009470;0.008693;0.009180;0.008928;0.009485;0.009505;0.009869;0.009453;0.009576;0.009491;0.009559;0.009180;0.009533;0.009496;0.009488;0.008720;0.008715;0.009620;0.009484;0.009136;0.008756;0.009486;0.009509;0.009466;0.009892;0.009458;0.009872;0.009902;0.008705;0.009161;0.009494;0.008699;0.009504;0.009526;0.009487;0.009860;0.009469;0.009473;0.009605;0.009495;0.009510;0.009149;0.009178;0.009620;0.009468;0.009854;0.009178;0.009479;0.009470;0.009596;0.009512;0.009871;0.009503;0.009494;0.009496;0.009553;0.009466;0.008694;0.009478;0.009881;0.009881;0.009463;0.009566;0.009628;0.009583;0.009859;0.009147;0.009609;0.009496;0.009857;0.009161;0.009576;0.008682;0.009480;0.009887;0.009593;0.009573;0.009569;0.009582;0.009711;0.009175;0.009483;0.009511;0.009854;0.009494;0.009493;0.009457;0.009593;0.009477;0.009649;0.009161;0.009658;0.009191;0.009162;0.009502;dynamic;dynamic,1;1;0
200000;0.000792;0.000784;0.000794;0.000785;0.000786;0.000779;0.000788;0.000781;0.000790;0.000772;0.000788;0.000800;0.000770;0.000779;0.000771;0.000800;0.000789;0.000785;0.000790;0.000786;0.000788;0.000789;0.000887;0.000797;0.000783;0.000768;0.000784;0.000781;0.000772;0.000781;0.000791;0.000782;0.000788;0.000774;0.000780;0.000783;0.000793;0.000773;0.000790;0.000788;0.000776;0.000782;0.000784;0.000767;0.000786;0.000789;0.000783;0.000780;0.000782;0.000808;0.000792;0.000772;0.000787;0.000784;0.000790;0.000785;0.000776;0.000783;0.000781;0.000779;0.000783;0.000786;0.000783;0.000774;0.000792;0.000827;0.000782;0.000780;0.000769;0.000790;0.000779;0.003139;0.000792;0.000787;0.000805;0.000783;0.000796;0.000791;0.000786;0.000794;0.000800;0.000788;0.000772;0.000780;0.000769;0.000795;0.000788;0.000791;0.000792;0.000795;0.000785;0.000800;0.000780;0.000774;0.000779;0.000853;0.000790;0.000772;0.000806;0.000777;0.000787;0.000801;0.000782;0.000796;0.000787;0.000787;0.000788;0.000793;0.000781;0.000771;0.000781;0.000785;0.000771;0.000787;0.000784;0.000782;0.000794;0.000781;0.000783;0.000794;0.000790;0.000772;0.000786;0.000770;0.000779;0.000795;0.000785;0.000769;0.000785;0.000794;0.000783;0.000774;0.000788;0.000773;0.000784;0.000767;0.000801;0.000793;0.000786;0.000803;0.000788;0.000785;0.000781;0.000795;0.000786;0.000778;0.000786;0.000784;0.000791;0.000786;0.000774;0.000785;0.000790;0.000773;0.000784;0.000791;0.000782;0.000793;0.000779;0.000770;0.000784;0.000775;0.000788;0.000790;0.000770;0.000808;0.000786;0.000772;0.000782;0.000787;0.000788;0.000782;0.000829;0.000790;0.000786;0.000792;0.000786;0.000783;0.000769;0.000795;0.000793;0.000783;0.000787;0.000767;0.000783;0.000780;0.000781;0.000779;0.000784;0.000787;0.000814;0.000783;0.000791;0.000794;0.000798;0.000845;0.000784;0.000789;0.000794;0.000789;guided;guided,1;1;0
200000;0.000789;0.000774;0.000800;0.000773;0.000793;0.000788;0.000774;0.000795;0.000784;0.000779;0.000774;0.000780;0.000785;0.000782;0.000769;0.000784;0.000784;0.000783;0.000774;0.000792;0.000781;0.000789;0.000784;0.000785;0.000785;0.000786;0.000772;0.000778;0.000790;0.000764;0.000782;0.000783;0.000770;0.000788;0.000788;0.000777;0.000789;0.000784;0.000795;0.000778;0.000777;0.000765;0.000777;0.000786;0.000778;0.000773;0.000792;0.000786;0.000783;0.000786;0.000789;0.000785;0.000785;0.000777;0.000774;0.000796;0.000801;0.000786;0.000784;0.000792;0.000800;0.000778;0.000782;0.000768;0.000784;0.000789;0.000783;0.000774;0.000779;0.000781;0.000774;0.000795;0.000781;0.000808;0.000790;0.000786;0.000789;0.000781;0.000781;0.000784;0.000786;0.000778;0.000788;0.000777;0.000779;0.000785;0.000781;0.000798;0.000781;0.000789;0.000773;0.000785;0.000780;0.000790;0.000786;0.000787;0.000795;0.000770;0.000785;0.000796;0.000778;0.000774;0.000784;0.000787;0.000785;0.000790;0.000793;0.000797;0.000787;0.000776;0.000781;0.000777;0.000785;0.000789;0.000770;0.000785;0.000785;0.000775;0.000769;0.000784;0.000800;0.000804;0.000787;0.000767;0.000777;0.000787;0.000793;0.000782;0.000776;0.000783;0.000779;0.000768;0.000784;0.000782;0.000790;0.000785;0.000781;0.000785;0.000786;0.000775;0.000778;0.000786;0.000778;0.000765;0.000782;0.000782;0.000822;0.000802;0.000785;0.000773;0.000784;0.000806;0.000771;0.000785;0.000784;0.000784;0.000792;0.000789;0.000783;0.000779;0.000803;0.000782;0.000790;0.000784;0.000796;0.000781;0.000779;0.000798;0.000780;0.000773;0.000773;0.000785;0.000782;0.000781;0.000805;0.000780;0.000767;0.000794;0.000783;0.000793;0.000780;0.000790;0.000824;0.000782;0.000781;0.000777;0.000784;0.000782;0.000833;0.000793;0.000787;0.000785;0.000773;0.000785;0.000780;0.000816;0.000791;0.000778;0.000839;0.000777;static;static,25000;25000;8
200000;0.000785;0.000785;0.000787;0.000772;0.000791;0.000792;0.000778;0.000781;0.000788;0.000780;0.000785;0.000787;0.000769;0.000798;0.000790;0.000769;0.000789;0.000793;0.000805;0.000776;0.000836;0.000824;0.000786;0.000786;0.000796;0.000802;0.000785;0.000790;0.000785;0.000790;0.000772;0.000799;0.000786;0.000795;0.000789;0.000791;0.000782;0.000769;0.000786;0.000780;0.000799;0.000771;0.003176;0.000772;0.000786;0.000804;0.000789;0.000770;0.000790;0.000785;0.000788;0.000788;0.000775;0.000781;0.000784;0.000782;0.000770;0.000787;0.000788;0.000796;0.000771;0.000793;0.000786;0.000794;0.000773;0.000789;0.000784;0.000775;0.000783;0.000787;0.000773;0.000785;0.000776;0.000771;0.000783;0.000782;0.000775;0.000785;0.000790;0.000768;0.000786;0.000779;0.000792;0.000787;0.000786;0.000774;0.000789;0.000787;0.000786;0.000767;0.000784;0.000788;0.000791;0.000804;0.000782;0.000768;0.000786;0.000779;0.000787;0.000769;0.000786;0.000782;0.000787;0.000784;0.000783;0.000783;0.000799;0.000796;0.000769;0.000779;0.000787;0.000773;0.000791;0.000786;0.000818;0.006500;0.006491;0.000798;0.000788;0.000774;0.000795;0.000790;0.000773;0.000785;0.000791;0.000795;0.000794;0.000796;0.001238;0.000805;0.000774;0.000783;0.000827;0.000788;0.004044;0.000789;0.000791;0.001170;0.000789;0.000787;0.000789;0.000803;0.000840;0.000795;0.000815;0.000771;0.000789;0.000804;0.000783;0.000787;0.000792;0.000778;0.000786;0.000788;0.000786;0.000791;0.000782;0.000791;0.000783;0.000783;0.000769;0.000783;0.000801;0.000776;0.000780;0.000790;0.000791;0.000804;0.000785;0.000787;0.000826;0.000776;0.000786;0.000796;0.000787;0.000772;0.000783;0.000781;0.000788;0.000788;0.000788;0.000788;0.000789;0.000793;0.000778;0.000784;0.000786;0.000769;0.000794;0.000787;0.000800;0.000775;0.000781;0.000787;0.000786;0.000775;0.000782;0.000792;0.000790;0.000771;static;static,12500;12500;16
200000;0.000789;0.000794;0.000785;0.000790;0.000794;0.000811;0.000822;0.000774;0.000786;0.000801;0.000774;0.000783;0.000791;0.000798;0.000790;0.000793;0.000787;0.000790;0.000778;0.000786;0.000771;0.000786;0.000798;0.000788;0.000776;0.000793;0.000783;0.000779;0.000789;0.000794;0.000791;0.000772;0.000793;0.000842;0.000777;0.000792;0.000780;0.000795;0.000789;0.000800;0.000774;0.000787;0.000828;0.000782;0.000784;0.000829;0.000774;0.000783;0.000819;0.000775;0.000782;0.000784;0.000786;0.000791;0.000814;0.000790;0.000894;0.000778;0.000832;0.000792;0.000775;0.000789;0.000787;0.000782;0.000799;0.000773;0.000790;0.000809;0.000783;0.000772;0.000786;0.000786;0.000780;0.000772;0.000769;0.000794;0.000793;0.000791;0.000781;0.000793;0.000768;0.000784;0.000790;0.000787;0.000785;0.000770;0.000787;0.001267;0.000783;0.000775;0.000785;0.000784;0.000791;0.000777;0.000790;0.000788;0.000790;0.000801;0.000776;0.000789;0.000788;0.000793;0.000773;0.000786;0.000784;0.000785;0.000790;0.000794;0.000801;0.000776;0.000789;0.000788;0.000790;0.000791;0.000775;0.000785;0.000775;0.000781;0.000787;0.000793;0.000783;0.000796;0.000786;0.000791;0.000818;0.000786;0.000780;0.000772;0.000788;0.000785;0.000796;0.000791;0.000794;0.000793;0.000807;0.000791;0.000771;0.000783;0.000786;0.000832;0.000783;0.000784;0.000787;0.000787;0.000774;0.000787;0.000786;0.000793;0.000788;0.000773;0.000789;0.001206;0.000778;0.000802;0.000794;0.000801;0.000787;0.000789;0.000782;0.000786;0.000783;0.000788;0.000782;0.000777;0.000788;0.000781;0.000804;0.000780;0.000791;0.000891;0.000774;0.000789;0.000789;0.000790;0.000788;0.000792;0.000798;0.000787;0.000792;0.000769;0.000792;0.000792;0.000782;0.000775;0.000792;0.000784;0.000777;0.000828;0.000782;0.000793;0.000796;0.000787;0.000777;0.000773;0.000787;0.000798;0.000779;0.000789;0.000792;0.000790;static;static,8333;8333;24
200000;0.000797;0.000787;0.000794;0.000787;0.000793;0.000795;0.000791;0.000794;0.000793;0.000794;0.000791;0.000780;0.000809;0.000796;0.000803;0.000819;0.000880;0.000791;0.000789;0.000776;0.000789;0.000793;0.000780;0.000794;0.000792;0.000790;0.000792;0.000775;0.000798;0.000790;0.000784;0.000781;0.000798;0.000799;0.000791;0.000775;0.000787;0.000787;0.000802;0.000780;0.000791;0.000793;0.000780;0.000776;0.000788;0.001222;0.000780;0.000798;0.000785;0.000789;0.000783;0.000786;0.000808;0.000790;0.001075;0.000788;0.000798;0.000779;0.000792;0.000787;0.000797;0.000781;0.000791;0.000785;0.000795;0.000788;0.000787;0.000800;0.000782;0.000817;0.000789;0.000797;0.000774;0.000790;0.000799;0.000790;0.000781;0.000789;0.000788;0.000786;0.000788;0.000795;0.000791;0.000781;0.000796;0.000794;0.000798;0.000791;0.000782;0.000776;0.000791;0.000792;0.000782;0.000785;0.000796;0.000800;0.000788;0.000790;0.000791;0.000796;0.000776;0.000797;0.000794;0.000789;0.000796;0.000775;0.000790;0.000803;0.000794;0.000795;0.000787;0.000799;0.000789;0.000794;0.000801;0.006124;0.000796;0.000808;0.000796;0.000788;0.000789;0.000782;0.000787;0.000797;0.000789;0.000776;0.000796;0.000791;0.000791;0.000778;0.000793;0.000799;0.000779;0.000793;0.000791;0.000787;0.000783;0.004728;0.000789;0.000800;0.000793;0.000778;0.000793;0.000793;0.000803;0.000818;0.000779;0.000806;0.000793;0.000783;0.000803;0.000782;0.000789;0.000775;0.000789;0.000798;0.000794;0.000779;0.000795;0.000794;0.000778;0.000789;0.000805;0.000790;0.000773;0.000789;0.000795;0.000797;0.000783;0.000800;0.000782;0.000791;0.000790;0.000779;0.000792;0.000793;0.000793;0.000784;0.000785;0.000800;0.000782;0.000798;0.004800;0.000775;0.000801;0.000772;0.000796;0.000780;0.000789;0.000790;0.000775;0.000790;0.000793;0.000790;0.000794;0.000803;0.000792;0.000776;0.000795;0.000785;static;static,6250;6250;32
200000;0.000844;0.000790;0.000792;0.000783;0.000787;0.000801;0.000778;0.000793;0.000791;0.000774;0.000791;0.000790;0.000813;0.000767;0.000787;0.000784;0.000787;0.000801;0.000803;0.000790;0.000773;0.000793;0.000784;0.000805;0.000795;0.000787;0.000816;0.000774;0.000785;0.000787;0.000794;0.000797;0.000784;0.000782;0.000775;0.000784;0.000792;0.000799;0.000776;0.000783;0.000777;0.000780;0.000781;0.000783;0.000787;0.000787;0.000776;0.000787;0.000786;0.000780;0.000783;0.000773;0.000786;0.000796;0.000788;0.000772;0.000795;0.000796;0.000823;0.000826;0.000792;0.000792;0.000781;0.000773;0.000790;0.000797;0.000795;0.000784;0.000785;0.000784;0.000784;0.000775;0.000789;0.000784;0.000816;0.000838;0.000801;0.000785;0.000855;0.000782;0.000769;0.000786;0.000797;0.000857;0.000787;0.000786;0.000769;0.000792;0.000792;0.000778;0.000787;0.000784;0.000780;0.000802;0.000804;0.000795;0.000787;0.000788;0.000775;0.000778;0.000792;0.000784;0.000792;0.000793;0.000773;0.000789;0.000781;0.000786;0.000784;0.000775;0.000791;0.000788;0.000797;0.000787;0.000792;0.000790;0.000774;0.000796;0.000781;0.000781;0.000860;0.000780;0.000771;0.000789;0.000798;0.000784;0.000799;0.000770;0.000793;0.000783;0.000787;0.000781;0.000793;0.000766;0.000786;0.000791;0.000783;0.000783;0.000782;0.000783;0.000785;0.000783;0.000769;0.000784;0.000786;0.000788;0.000785;0.000777;0.000786;0.000795;0.000789;0.000786;0.000766;0.000788;0.000790;0.000779;0.000771;0.000785;0.000788;0.000783;0.000781;0.000790;0.000800;0.000782;0.000780;0.000794;0.000790;0.000786;0.000772;0.000791;0.000802;0.000788;0.000769;0.000790;0.000777;0.000793;0.000773;0.000791;0.000782;0.000779;0.000783;0.000795;0.000791;0.000781;0.000787;0.000785;0.000779;0.000788;0.000787;0.000792;0.000786;0.000790;0.000786;0.000770;0.000787;0.000788;0.000788;0.000840;0.000796;0.000785;dynamic;dynamic,25000;25000;8
200000;0.000791;0.000786;0.000788;0.000777;0.000802;0.000790;0.000813;0.000778;0.000792;0.000794;0.000791;0.000783;0.000776;0.000796;0.000820;0.000781;0.000788;0.000791;0.000810;0.000787;0.000780;0.000790;0.001013;0.000810;0.000838;0.000791;0.000787;0.000789;0.000794;0.000777;0.000786;0.000791;0.000785;0.000775;0.000793;0.000799;0.000788;0.000814;0.000782;0.000789;0.000791;0.000792;0.000777;0.000786;0.000799;0.000787;0.000774;0.000791;0.000788;0.000790;0.000791;0.000805;0.000771;0.000790;0.000794;0.000785;0.000776;0.000776;0.000784;0.000791;0.000788;0.000786;0.000782;0.000797;0.000786;0.000790;0.000788;0.000798;0.000792;0.000793;0.000787;0.000789;0.000775;0.000794;0.000791;0.000782;0.000790;0.000787;0.000804;0.000787;0.000801;0.000804;0.000794;0.000788;0.000790;0.000794;0.000796;0.000782;0.000785;0.000773;0.000791;0.000794;0.000784;0.000776;0.000785;0.000785;0.000820;0.000777;0.000783;0.000801;0.000788;0.000775;0.000790;0.000788;0.000788;0.000784;0.000794;0.000793;0.000787;0.000795;0.000787;0.000775;0.000791;0.000785;0.000789;0.000790;0.000787;0.000782;0.000775;0.000778;0.000800;0.000782;0.000799;0.000785;0.000801;0.000772;0.000789;0.000831;0.000784;0.000789;0.000793;0.000783;0.000790;0.000786;0.000781;0.000794;0.000790;0.000798;0.000783;0.000791;0.000786;0.000786;0.000797;0.000775;0.000808;0.000773;0.000783;0.000797;0.000792;0.000790;0.000784;0.000780;0.000803;0.000800;0.000772;0.000776;0.000789;0.000785;0.000785;0.000780;0.000784;0.000789;0.000785;0.000782;0.000792;0.000772;0.000784;0.000790;0.000795;0.000805;0.000777;0.000785;0.000807;0.000779;0.000785;0.000785;0.000792;0.000819;0.000786;0.000793;0.000820;0.000789;0.000778;0.000788;0.000777;0.000803;0.000776;0.000780;0.000818;0.000779;0.000777;0.000841;0.000785;0.000789;0.000786;0.000776;0.000795;0.000790;0.000789;0.000796;dynamic;dynamic,12500;12500;16
200000;0.000787;0.000793;0.000793;0.000792;0.000785;0.000775;0.000795;0.000793;0.000788;0.000798;0.000787;0.000826;0.000771;0.000786;0.000784;0.000783;0.000789;0.000794;0.000792;0.000785;0.000783;0.000800;0.000797;0.000785;0.000774;0.000786;0.000784;0.000794;0.000799;0.000781;0.000789;0.000834;0.000795;0.000785;0.000795;0.000791;0.000779;0.000796;0.000794;0.000781;0.000778;0.000786;0.000787;0.000781;0.000781;0.000790;0.000783;0.000774;0.000811;0.000781;0.000777;0.000786;0.000802;0.000790;0.000780;0.000790;0.000785;0.000789;0.000788;0.000832;0.000792;0.000786;0.000794;0.000776;0.000799;0.000791;0.000772;0.000777;0.000790;0.000785;0.000774;0.000793;0.000794;0.000791;0.000788;0.000776;0.000837;0.000820;0.000799;0.000786;0.000783;0.000785;0.000790;0.000781;0.000788;0.000809;0.000789;0.000783;0.000825;0.000794;0.000800;0.000786;0.000793;0.000797;0.000794;0.000779;0.000784;0.000793;0.000792;0.000792;0.000776;0.000784;0.000799;0.000796;0.000785;0.000779;0.000802;0.000855;0.000791;0.000794;0.000782;0.000786;0.000785;0.000790;0.000791;0.000803;0.000788;0.000787;0.000798;0.000785;0.000778;0.000790;0.000781;0.000778;0.000795;0.000787;0.000777;0.000792;0.000780;0.000788;0.000793;0.000795;0.000788;0.000796;0.000793;0.000791;0.000776;0.000803;0.000788;0.001254;0.000814;0.000797;0.000794;0.000771;0.002110;0.000778;0.000784;0.000787;0.000774;0.000795;0.000787;0.000778;0.000782;0.000788;0.000772;0.000788;0.000787;0.000787;0.000773;0.000788;0.000788;0.000770;0.000782;0.000792;0.003983;0.000789;0.000780;0.000784;0.000789;0.000793;0.000793;0.000785;0.000821;0.000786;0.000788;0.000770;0.000788;0.000776;0.000793;0.000802;0.000773;0.000786;0.000794;0.000786;0.000786;0.000797;0.000785;0.000777;0.000789;0.000789;0.000976;0.000785;0.000786;0.000800;0.000786;0.000784;0.000782;0.000785;0.000787;0.000772;dynamic;dynamic,8333;8333;24
200000;0.000803;0.000801;0.000804;0.000857;0.000797;0.000796;0.000820;0.000802;0.000797;0.000788;0.000778;0.000793;0.000793;0.000788;0.000796;0.000811;0.000787;0.000801;0.000796;0.000795;0.000791;0.000786;0.000789;0.000792;0.000786;0.000796;0.000795;0.000788;0.000781;0.000819;0.000794;0.000874;0.000789;0.000802;0.000778;0.000791;0.000791;0.000795;0.000792;0.000817;0.000839;0.000798;0.000839;0.000786;0.000799;0.000802;0.000793;0.000789;0.000792;0.000792;0.000790;0.000798;0.000797;0.000776;0.000792;0.000802;0.000809;0.000798;0.000809;0.000796;0.000801;0.000787;0.000793;0.000813;0.000782;0.000793;0.000792;0.000793;0.000807;0.000793;0.000792;0.000797;0.000800;0.000801;0.000797;0.000847;0.000791;0.000800;0.000781;0.000804;0.000802;0.002721;0.000796;0.000800;0.000781;0.000795;0.000804;0.000794;0.000792;0.000796;0.000780;0.000811;0.000794;0.000779;0.000801;0.000807;0.000790;0.000799;0.000799;0.000786;0.000793;0.000803;0.000796;0.000806;0.000798;0.000788;0.000793;0.000784;0.000790;0.000790;0.000787;0.000798;0.001052;0.000797;0.000806;0.000778;0.000787;0.000793;0.000792;0.000796;0.000791;0.000783;0.000792;0.001247;0.000793;0.000802;0.000806;0.000807;0.000791;0.000801;0.000796;0.000786;0.000988;0.000797;0.000791;0.000792;0.000803;0.000779;0.000799;0.000861;0.000796;0.000796;0.000795;0.000777;0.000799;0.000790;0.000787;0.000794;0.000794;0.000821;0.000797;0.000807;0.000792;0.000789;0.000795;0.000788;0.000795;0.000791;0.000839;0.000781;0.000797;0.000791;0.000860;0.000792;0.000783;0.000795;0.000803;0.000783;0.000792;0.000792;0.000789;0.000803;0.000793;0.000797;0.000801;0.000796;0.000793;0.000779;0.000796;0.000781;0.000794;0.000805;0.000784;0.000798;0.000789;0.000779;0.000797;0.000797;0.000787;0.000782;0.000793;0.000796;0.000780;0.000795;0.000806;0.000790;0.000818;0.000796;0.000785;0.000791;dynamic;dynamic,6250;6250;32
200000;0.000819;0.000868;0.000824;0.000830;0.000814;0.000812;0.001278;0.000821;0.000819;0.000803;0.000819;0.000815;0.000806;0.000817;0.000828;0.000805;0.000826;0.000815;0.000814;0.000816;0.000803;0.000820;0.002534;0.000807;0.000821;0.000826;0.000812;0.000816;0.000832;0.000820;0.000819;0.000819;0.000818;0.000805;0.000826;0.000806;0.000820;0.000822;0.000831;0.000847;0.000818;0.000820;0.000805;0.000828;0.000820;0.000814;0.000812;0.000829;0.000820;0.000838;0.000813;0.000816;0.000818;0.000818;0.000820;0.000809;0.000815;0.000846;0.000819;0.000819;0.000801;0.000824;0.000846;0.000807;0.000816;0.000810;0.000835;0.000813;0.000809;0.000817;0.000816;0.000803;0.000824;0.000817;0.000811;0.000826;0.000819;0.000844;0.000821;0.000813;0.000825;0.000829;0.000819;0.000808;0.000818;0.000818;0.000816;0.000823;0.000812;0.000807;0.000824;0.000827;0.000813;0.000827;0.000814;0.000800;0.000824;0.000816;0.000817;0.000801;0.000820;0.000820;0.000811;0.000820;0.000820;0.000812;0.000817;0.000800;0.000813;0.000809;0.000820;0.000817;0.000807;0.000814;0.000820;0.000822;0.000827;0.000803;0.000813;0.000931;0.000820;0.000805;0.000816;0.000820;0.000852;0.000820;0.000841;0.000807;0.000824;0.000825;0.000816;0.000808;0.000801;0.000812;0.000817;0.000822;0.000811;0.000806;0.000819;0.000814;0.000808;0.000819;0.000824;0.000821;0.000821;0.000817;0.000813;0.000822;0.000865;0.000822;0.000818;0.000809;0.000818;0.000820;0.000821;0.000830;0.000842;0.000848;0.000820;0.000806;0.000812;0.000821;0.000808;0.000829;0.000819;0.000808;0.000818;0.000818;0.000898;0.000821;0.000831;0.000810;0.000832;0.000818;0.000814;0.000816;0.000850;0.000825;0.000822;0.000854;0.000818;0.000820;0.000836;0.000807;0.000824;0.000826;0.000806;0.000810;0.000816;0.000817;0.000813;0.000819;0.000823;0.000800;0.000824;0.000816;0.000815;0.000804;0.000813;0.000818;guided;guided,25000;25000;8
200000;0.000806;0.000791;0.000797;0.000792;0.000796;0.000792;0.000801;0.000778;0.000808;0.000792;0.000794;0.000775;0.000792;0.000794;0.000793;0.000799;0.000789;0.000791;0.000797;0.000809;0.001248;0.000814;0.000795;0.000789;0.000794;0.000798;0.000796;0.000795;0.000777;0.000804;0.000809;0.000808;0.000774;0.000789;0.000853;0.000795;0.000791;0.000796;0.000781;0.000927;0.000794;0.000791;0.000785;0.000801;0.000783;0.000786;0.000791;0.000803;0.000798;0.000802;0.000804;0.000784;0.000795;0.000793;0.000786;0.000805;0.000790;0.000790;0.000795;0.000795;0.000787;0.000790;0.000788;0.000795;0.000787;0.000803;0.000794;0.000792;0.000791;0.000796;0.000797;0.000783;0.000788;0.000806;0.000791;0.000789;0.000789;0.000791;0.000818;0.000798;0.000793;0.000805;0.000781;0.000805;0.000829;0.000797;0.000784;0.000789;0.000794;0.000830;0.000794;0.000785;0.000789;0.000800;0.000788;0.000796;0.000778;0.002328;0.000784;0.000793;0.000794;0.000796;0.000775;0.000789;0.000802;0.000790;0.000791;0.000791;0.000815;0.000781;0.000777;0.000793;0.000794;0.000795;0.000794;0.000789;0.000794;0.000790;0.000800;0.000829;0.000787;0.000814;0.000774;0.000795;0.000789;0.000786;0.000793;0.000788;0.000792;0.000790;0.000780;0.005815;0.000802;0.000796;0.000796;0.000782;0.000792;0.000866;0.000781;0.000793;0.000788;0.000789;0.000788;0.000797;0.000786;0.000790;0.000795;0.000794;0.001229;0.000791;0.000828;0.000812;0.000804;0.000792;0.000796;0.000777;0.000778;0.000788;0.000791;0.000786;0.000790;0.000777;0.000787;0.000800;0.000826;0.000788;0.000776;0.000796;0.000804;0.000792;0.000780;0.000792;0.000787;0.000798;0.001180;0.000792;0.000825;0.001017;0.000790;0.000790;0.000784;0.000793;0.000788;0.000836;0.000780;0.000789;0.000797;0.000791;0.000793;0.000793;0.000776;0.000792;0.000793;0.000790;0.000777;0.000793;0.000784;0.000789;0.000801;0.000784;guided;guided,12500;12500;16
200000;0.000825;0.000853;0.000831;0.000831;0.000836;0.000830;0.000829;0.000833;0.000829;0.000829;0.000825;0.000827;0.001028;0.000841;0.000828;0.000834;0.000831;0.000820;0.000836;0.000827;0.000834;0.000831;0.000849;0.000831;0.000815;0.000829;0.000835;0.000817;0.000830;0.000842;0.000833;0.000823;0.000822;0.000828;0.000812;0.000828;0.000830;0.000818;0.000830;0.000837;0.000823;0.000821;0.000838;0.000838;0.000814;0.000833;0.000833;0.000832;0.000818;0.000830;0.000831;0.000834;0.000831;0.000842;0.000829;0.000830;0.000819;0.000824;0.000841;0.000830;0.000839;0.000827;0.000831;0.000827;0.000829;0.000833;0.000829;0.000836;0.000825;0.000832;0.000834;0.000819;0.000825;0.000831;0.000838;0.000811;0.000829;0.000829;0.000825;0.000838;0.000843;0.000836;0.000837;0.002104;0.000829;0.001044;0.000838;0.000832;0.000821;0.000834;0.000844;0.000838;0.000829;0.000837;0.000831;0.000843;0.000837;0.000845;0.000825;0.000835;0.000828;0.000834;0.000840;0.000837;0.000837;0.000841;0.000840;0.001028;0.000848;0.000830;0.000844;0.000835;0.000827;0.000832;0.000838;0.000837;0.000816;0.000828;0.000840;0.000833;0.000814;0.000841;0.000828;0.000835;0.000814;0.000831;0.000830;0.000834;0.000838;0.000832;0.000838;0.000833;0.000818;0.000830;0.000829;0.000841;0.000824;0.000840;0.000816;0.000829;0.000844;0.000833;0.000828;0.000832;0.000827;0.000827;0.000818;0.000830;0.000872;0.000817;0.000829;0.000834;0.000814;0.000831;0.000828;0.000828;0.000817;0.000829;0.000836;0.000842;0.000837;0.000833;0.000831;0.000816;0.000833;0.000833;0.000837;0.000838;0.000832;0.000833;0.000833;0.000837;0.000825;0.000816;0.000825;0.001032;0.000826;0.000829;0.000831;0.000845;0.000834;0.000834;0.000989;0.000838;0.000823;0.000832;0.000829;0.000836;0.000830;0.000817;0.000840;0.000839;0.000833;0.000847;0.000832;0.000834;0.000818;0.000836;0.000825;0.000824;guided;guided,8333;8333;24
200000;0.000795;0.000980;0.002151;0.000792;0.000814;0.000821;0.000801;0.000813;0.000812;0.000816;0.000815;0.000908;0.000809;0.000800;0.000815;0.000817;0.000795;0.000808;0.000818;0.000828;0.000812;0.000812;0.000810;0.000810;0.000796;0.000813;0.000811;0.000817;0.000800;0.000812;0.000807;0.000799;0.000805;0.000841;0.000814;0.000793;0.000810;0.000815;0.000800;0.000808;0.000802;0.000806;0.000806;0.000808;0.000805;0.000812;0.000809;0.000804;0.000800;0.000807;0.000808;0.000819;0.000805;0.000795;0.000821;0.000822;0.000808;0.000816;0.000811;0.000813;0.000808;0.000806;0.000816;0.000815;0.000797;0.000810;0.000811;0.000803;0.000807;0.000811;0.000812;0.000808;0.000812;0.000810;0.000816;0.000798;0.000830;0.000807;0.000803;0.000807;0.000807;0.000807;0.000797;0.000812;0.000801;0.000803;0.000815;0.000808;0.000811;0.000791;0.000811;0.000819;0.000803;0.000816;0.000814;0.000810;0.000802;0.000802;0.000808;0.000810;0.000808;0.000803;0.000831;0.000807;0.000804;0.000815;0.000805;0.000821;0.000811;0.000801;0.000794;0.000796;0.000822;0.000806;0.000813;0.000807;0.000817;0.000810;0.000809;0.000799;0.000814;0.000803;0.000818;0.000811;0.000807;0.000808;0.000806;0.000806;0.000811;0.000809;0.000806;0.000796;0.000854;0.000806;0.000805;0.000823;0.000809;0.000826;0.000790;0.000812;0.000817;0.000802;0.000818;0.000802;0.000793;0.000806;0.000813;0.000814;0.000811;0.000798;0.000817;0.000818;0.000794;0.000809;0.000834;0.000804;0.000815;0.000795;0.000814;0.000809;0.000814;0.000809;0.000808;0.000809;0.000823;0.000789;0.000804;0.000810;0.000794;0.000806;0.000808;0.000795;0.000804;0.000804;0.000804;0.000811;0.000807;0.000801;0.000805;0.000811;0.000800;0.000796;0.000809;0.000809;0.000814;0.000811;0.000829;0.000805;0.000806;0.000806;0.000807;0.000802;0.000813;0.000805;0.000795;0.000808;0.000805;0.000825;0.000804;0.000812;guided;guided,6250;6250;32
300000;0.003881;0.003827;0.003836;0.003812;0.003863;0.003846;0.003880;0.003846;0.003831;0.003851;0.003846;0.003838;0.003848;0.003821;0.003821;0.003807;0.003822;0.003832;0.003847;0.003828;0.003847;0.003819;0.003831;0.003856;0.003849;0.003834;0.003811;0.003842;0.003818;0.003831;0.003820;0.003853;0.003815;0.003826;0.003818;0.003824;0.003861;0.003836;0.003843;0.003835;0.003852;0.003813;0.003851;0.003819;0.003834;0.003828;0.003847;0.003852;0.003831;0.003835;0.004038;0.003849;0.003891;0.003868;0.003826;0.003843;0.003846;0.003860;0.003985;0.003836;0.003853;0.003822;0.003855;0.003841;0.003835;0.003846;0.003842;0.003836;0.003843;0.003823;0.003842;0.003856;0.003839;0.003843;0.003841;0.004749;0.003842;0.003829;0.003837;0.003846;0.004513;0.003845;0.003843;0.003821;0.003832;0.003841;0.003822;0.003829;0.003825;0.003832;0.003837;0.003821;0.004762;0.003815;0.003837;0.003831;0.003842;0.003841;0.003864;0.003834;0.003851;0.003843;0.003828;0.003858;0.003826;0.003830;0.003842;0.003856;0.003828;0.003865;0.003866;0.003853;0.003838;0.003821;0.003840;0.003815;0.003845;0.003825;0.003840;0.003814;0.003843;0.003842;0.003862;0.004258;0.003854;0.003843;0.003838;0.003846;0.003834;0.003838;0.003838;0.003852;0.003832;0.003833;0.003834;0.003821;0.003832;0.003832;0.003852;0.003839;0.003843;0.003853;0.003892;0.003843;0.003838;0.003837;0.003849;0.003822;0.003848;0.003832;0.003850;0.003882;0.003830;0.003838;0.003845;0.003843;0.003826;0.003886;0.003862;0.003824;0.003831;0.003831;0.003845;0.003842;0.003839;0.003827;0.003826;0.003825;0.003834;0.003851;0.003814;0.003839;0.003842;0.003829;0.003867;0.003857;0.003840;0.003861;0.003839;0.003841;0.003837;0.003872;0.003847;0.003815;0.003850;0.003827;0.003825;0.003868;0.003862;0.003852;0.003840;0.003838;0.003842;0.003842;0.003858;0.003862;0.003872;0.003856;0.003863;0.003864;seq;seq;0;0
300000;0.001108;0.001098;0.001129;0.001095;0.001102;0.001105;0.001088;0.001089;0.001098;0.001090;0.001084;0.001096;0.001098;0.001092;0.001087;0.001111;0.001088;0.001119;0.001127;0.001100;0.001090;0.001101;0.001111;0.001098;0.001130;0.001091;0.001138;0.001088;0.001092;0.001099;0.001090;0.001089;0.001094;0.001140;0.001100;0.001101;0.001107;0.001111;0.001288;0.001100;0.001097;0.001089;0.001094;0.001199;0.001096;0.001093;0.001094;0.001151;0.001089;0.001089;0.001113;0.001094;0.001095;0.001089;0.001095;0.001093;0.001088;0.001098;0.001088;0.001124;0.001093;0.001088;0.001103;0.001099;0.001094;0.001097;0.001111;0.001326;0.001096;0.001098;0.001131;0.001100;0.001091;0.001095;0.001095;0.001119;0.001125;0.001103;0.001098;0.001106;0.001101;0.001121;0.001086;0.001096;0.001106;0.001097;0.001099;0.001099;0.001100;0.001098;0.001096;0.001092;0.001127;0.001094;0.001094;0.001116;0.001102;0.001109;0.001090;0.001088;0.001087;0.001106;0.001093;0.001103;0.001093;0.001087;0.001097;0.001106;0.001093;0.001102;0.001119;0.001089;0.001087;0.001135;0.001096;0.001096;0.001094;0.001120;0.001094;0.001091;0.001091;0.001094;0.001092;0.001295;0.001099;0.001104;0.001113;0.001094;0.001126;0.001095;0.001121;0.001198;0.001116;0.001137;0.001097;0.001094;0.001091;0.001097;0.001102;0.001099;0.001102;0.001092;0.001090;0.001104;0.001090;0.001093;0.001089;0.001096;0.001101;0.001092;0.001094;0.001094;0.001108;0.001126;0.001096;0.001089;0.001120;0.001096;0.001130;0.001098;0.001098;0.001096;0.001104;0.001122;0.001097;0.001100;0.001090;0.001097;0.001108;0.001089;0.001107;0.001112;0.001095;0.001095;0.001146;0.001103;0.001181;0.001089;0.001093;0.001104;0.001102;0.001090;0.001087;0.001094;0.001093;0.001100;0.001091;0.001166;0.001092;0.001097;0.001118;0.001094;0.001096;0.001095;0.001102;0.001105;0.001098;0.001095;0.001090;0.001095;auto;auto;0;0
300000;0.002964;0.002981;0.002966;0.002968;0.002963;0.002965;0.002967;0.002975;0.002965;0.003241;0.002954;0.002961;0.002969;0.002960;0.002959;0.002965;0.002961;0.002952;0.002961;0.002957;0.002970;0.002946;0.002957;0.002945;0.002972;0.002955;0.002961;0.002972;0.002952;0.002955;0.002971;0.002948;0.002951;0.002960;0.002952;0.002947;0.002954;0.002949;0.002951;0.002956;0.002937;0.002969;0.002968;0.002959;0.002970;0.002964;0.006142;0.002968;0.002951;0.002965;0.002982;0.002960;0.002968;0.002965;0.002990;0.002968;0.002960;0.002943;0.002960;0.002966;0.002954;0.002954;0.002985;0.002972;0.002964;0.002944;0.002972;0.002988;0.002972;0.002949;0.002964;0.002952;0.002954;0.002953;0.002972;0.002967;0.002937;0.002965;0.002971;0.002967;0.002968;0.002958;0.002960;0.002976;0.002951;0.002963;0.002960;0.002967;0.002970;0.002963;0.002951;0.002966;0.002961;0.002960;0.002957;0.002960;0.002946;0.002961;0.002970;0.002947;0.002993;0.002987;0.002956;0.002975;0.002979;0.002959;0.002961;0.002959;0.002970;0.002964;0.002969;0.002959;0.002981;0.002966;0.002988;0.002957;0.002963;0.002956;0.002959;0.002958;0.002969;0.002956;0.002971;0.002951;0.002962;0.002969;0.002968;0.002959;0.002960;0.002982;0.002943;0.002975;0.003214;0.002953;0.002963;0.002981;0.002962;0.002953;0.002967;0.002937;0.002945;0.002948;0.002959;0.002945;0.002955;0.002947;0.002972;0.002946;0.002957;0.002950;0.002958;0.002955;0.002965;0.002965;0.002983;0.002959;0.002963;0.002974;0.002966;0.002977;0.002962;0.002956;0.002979;0.002962;0.002970;0.002966;0.002974;0.002975;0.002962;0.002970;0.002970;0.002948;0.002960;0.002969;0.002962;0.002963;0.002966;0.002960;0.002976;0.002965;0.002938;0.002965;0.002964;0.002994;0.002955;0.002958;0.002959;0.002983;0.002956;0.002957;0.002954;0.002969;0.002954;0.002960;0.002967;0.002964;0.002967;0.002955;0.002961;0.002958;static;static,1;1;0
300000;0.012979;0.013685;0.014314;0.014303;0.014160;0.014345;0.014170;0.012961;0.014742;0.014325;0.014165;0.013730;0.014266;0.014755;0.014124;0.014312;0.014333;0.014147;0.014331;0.012969;0.014271;0.014161;0.013676;0.012984;0.014354;0.014128;0.013669;0.014257;0.014152;0.014304;0.014348;0.013648;0.012988;0.014158;0.014757;0.014730;0.014154;0.012947;0.014160;0.014153;0.014140;0.014737;0.014346;0.012971;0.013686;0.014340;0.014327;0.012971;0.013651;0.012988;0.014177;0.014166;0.013647;0.014175;0.014754;0.013687;0.012981;0.012962;0.014331;0.012980;0.013665;0.014272;0.014177;0.014737;0.014205;0.014155;0.014369;0.014738;0.013669;0.012971;0.014333;0.013661;0.014156;0.014721;0.014150;0.014353;0.014333;0.012969;0.014163;0.014196;0.014721;0.014343;0.014163;0.013668;0.012980;0.014310;0.013666;0.014315;0.014200;0.014747;0.014325;0.012944;0.012970;0.014747;0.012936;0.014754;0.012975;0.014290;0.014150;0.013640;0.013674;0.014136;0.014174;0.014743;0.013692;0.012949;0.014175;0.013668;0.012984;0.013018;0.014152;0.014158;0.014282;0.014298;0.014342;0.014212;0.012950;0.014127;0.013663;0.014710;0.014210;0.013671;0.014197;0.014748;0.014176;0.014137;0.014182;0.014328;0.014170;0.014740;0.014169;0.014308;0.014737;0.014303;0.014321;0.014301;0.014207;0.013004;0.013672;0.014149;0.012946;0.013660;0.013641;0.014333;0.012962;0.014582;0.014137;0.014211;0.014153;0.014173;0.012943;0.014210;0.013672;0.014149;0.013661;0.014734;0.014154;0.014092;0.014788;0.014305;0.014168;0.014163;0.014129;0.014188;0.014170;0.014129;0.014294;0.014174;0.014159;0.014169;0.014309;0.014323;0.014178;0.014176;0.014131;0.013651;0.014716;0.014090;0.014349;0.013690;0.014168;0.013014;0.014700;0.014170;0.012958;0.014153;0.014703;0.014171;0.014719;0.014163;0.014181;0.014746;0.012940;0.014727;0.014326;0.014282;0.014742;0.014329;0.014740;0.014315;dynamic;dynamic,1;1;0
300000;0.001095;0.001103;0.001121;0.001095;0.001095;0.001097;0.001108;0.001096;0.001103;0.001094;0.001098;0.001126;0.001100;0.004108;0.001094;0.001105;0.001098;0.001101;0.001121;0.001091;0.001110;0.001097;0.001123;0.001098;0.001110;0.001105;0.001270;0.001098;0.001101;0.001117;0.001098;0.001113;0.001095;0.001105;0.001102;0.001096;0.001113;0.001099;0.001110;0.001098;0.001093;0.001131;0.001093;0.001116;0.001101;0.001114;0.001095;0.001094;0.001104;0.001099;0.001095;0.001104;0.001090;0.001103;0.001093;0.001103;0.001095;0.001115;0.001099;0.001114;0.001096;0.001097;0.001097;0.001099;0.001323;0.006125;0.001495;0.001101;0.001098;0.001104;0.001094;0.001103;0.001096;0.001097;0.001091;0.001099;0.001097;0.001094;0.001097;0.001099;0.001095;0.001103;0.001110;0.001125;0.001095;0.001133;0.001099;0.001106;0.001108;0.001153;0.001094;0.001100;0.001102;0.001105;0.001097;0.001103;0.001100;0.001096;0.001091;0.001089;0.001143;0.001110;0.001093;0.001106;0.001097;0.001101;0.001099;0.001123;0.001108;0.001108;0.001102;0.001269;0.001095;0.001093;0.001090;0.001096;0.001095;0.001182;0.001120;0.001099;0.001095;0.001104;0.001092;0.001107;0.001110;0.001089;0.001092;0.001100;0.001113;0.001108;0.001097;0.001094;0.001099;0.001112;0.001113;0.001095;0.001093;0.001107;0.001097;0.001099;0.001100;0.001097;0.001095;0.001098;0.001110;0.001100;0.001102;0.001096;0.001117;0.001093;0.001092;0.001108;0.001099;0.001099;0.001096;0.001103;0.001105;0.001096;0.001099;0.001089;0.001106;0.001099;0.001091;0.001102;0.002085;0.001096;0.001097;0.001197;0.001095;0.001099;0.001096;0.001095;0.001096;0.001094;0.001121;0.001093;0.001106;0.001087;0.001100;0.001104;0.001093;0.001098;0.001099;0.001106;0.001100;0.001106;0.001095;0.001126;0.001095;0.001122;0.001096;0.001096;0.001094;0.001101;0.001104;0.001096;0.001091;0.001096;0.001098;0.001128;guided;guided,1;1;0
300000;0.001092;0.001098;0.001329;0.001094;0.001100;0.001094;0.001095;0.001097;0.001092;0.001097;0.001106;0.001103;0.001096;0.001126;0.001092;0.001102;0.001087;0.001098;0.001096;0.001093;0.001113;0.001100;0.001095;0.001112;0.001101;0.001093;0.001092;0.001104;0.001096;0.001098;0.001104;0.001113;0.001120;0.001094;0.001096;0.001118;0.001096;0.001097;0.001102;0.001119;0.001091;0.001097;0.001305;0.001097;0.001112;0.001089;0.001101;0.001094;0.001107;0.001093;0.001098;0.001096;0.001093;0.001120;0.001094;0.001103;0.001092;0.001091;0.001100;0.001098;0.001098;0.001088;0.001109;0.001104;0.001103;0.001108;0.001155;0.001093;0.001096;0.001092;0.001093;0.001106;0.001094;0.001096;0.001102;0.001107;0.001093;0.001098;0.001094;0.001108;0.001095;0.001100;0.001094;0.001128;0.001124;0.001092;0.001086;0.001105;0.001112;0.001312;0.001094;0.001097;0.001092;0.001092;0.001106;0.001108;0.001089;0.001117;0.001093;0.001092;0.001103;0.001100;0.001097;0.001346;0.001123;0.001104;0.001276;0.001107;0.001102;0.001100;0.001097;0.001104;0.001090;0.001094;0.001096;0.001123;0.001094;0.001097;0.001102;0.001104;0.001101;0.001097;0.001128;0.001177;0.001097;0.001102;0.001099;0.001120;0.001090;0.001130;0.001093;0.001118;0.001092;0.001094;0.001127;0.001094;0.001100;0.001092;0.001097;0.001088;0.001107;0.001098;0.001094;0.001118;0.001099;0.001097;0.001094;0.001092;0.001110;0.001087;0.001118;0.001116;0.001126;0.001095;0.001121;0.001092;0.001095;0.001094;0.001094;0.001170;0.001097;0.001103;0.001096;0.001093;0.001094;0.001099;0.001102;0.001093;0.001092;0.001091;0.001099;0.001101;0.001093;0.001130;0.001099;0.001089;0.001090;0.001094;0.001124;0.001090;0.001103;0.001102;0.001525;0.001096;0.001101;0.001115;0.001095;0.001105;0.001093;0.001091;0.001097;0.001109;0.001115;0.001096;0.001099;0.001150;0.001092;0.001097;0.001091;0.001094;static;static,37500;37500;8
300000;0.001108;0.001108;0.001099;0.001097;0.001100;0.001095;0.001101;0.001097;0.001100;0.001107;0.001109;0.001104;0.001114;0.001095;0.001100;0.001119;0.001095;0.001096;0.001119;0.001093;0.001090;0.001099;0.001100;0.001100;0.001096;0.001143;0.001106;0.001211;0.001129;0.001106;0.001096;0.001097;0.001097;0.001094;0.001568;0.001199;0.001122;0.001108;0.001103;0.001098;0.001119;0.001110;0.001097;0.001099;0.001115;0.001105;0.001107;0.001113;0.001099;0.001099;0.001097;0.001127;0.001110;0.001108;0.001108;0.001095;0.001101;0.001146;0.001096;0.001122;0.001102;0.001101;0.001105;0.001133;0.001099;0.001155;0.001122;0.001100;0.001117;0.001101;0.001107;0.001097;0.001099;0.001107;0.001103;0.001100;0.001117;0.001090;0.001100;0.001100;0.001127;0.001102;0.001106;0.001119;0.001114;0.001097;0.001096;0.001100;0.001093;0.001106;0.001161;0.001100;0.001133;0.001092;0.001188;0.001103;0.001096;0.001099;0.001118;0.001111;0.001155;0.001087;0.001135;0.001111;0.001117;0.001118;0.001095;0.001096;0.001103;0.001090;0.001100;0.001100;0.001094;0.001097;0.001148;0.001125;0.001097;0.001111;0.001115;0.001113;0.001110;0.001124;0.001116;0.001103;0.001098;0.001095;0.001095;0.001147;0.001138;0.001109;0.001107;0.001093;0.001099;0.001118;0.001097;0.001102;0.001114;0.001100;0.001104;0.001101;0.001106;0.001100;0.001103;0.001105;0.001124;0.001129;0.001108;0.001113;0.001108;0.001099;0.001117;0.001104;0.001117;0.001144;0.001098;0.001101;0.001101;0.001099;0.001100;0.001129;0.001109;0.001098;0.001108;0.001101;0.001104;0.001092;0.001097;0.001098;0.001122;0.001095;0.001098;0.001109;0.001098;0.001097;0.001095;0.001105;0.001121;0.001098;0.001096;0.001099;0.001095;0.001109;0.001111;0.001104;0.001104;0.001100;0.001104;0.001096;0.001105;0.001117;0.001096;0.001133;0.001100;0.001104;0.001113;0.001097;0.001103;0.001095;0.001090;0.001108;static;static,18750;18750;16
300000;0.001129;0.001099;0.001110;0.001100;0.001100;0.001107;0.001100;0.001120;0.001098;0.001101;0.001176;0.001102;0.001097;0.001098;0.001102;0.001100;0.001114;0.001105;0.001341;0.001098;0.001105;0.001100;0.001115;0.001106;0.001107;0.001115;0.001106;0.001100;0.001103;0.001117;0.001113;0.001107;0.001515;0.001151;0.001108;0.001104;0.001140;0.001103;0.001107;0.001104;0.001118;0.001115;0.001112;0.001139;0.001100;0.001109;0.001106;0.001121;0.001098;0.001104;0.001102;0.001108;0.001099;0.001107;0.001106;0.001098;0.001099;0.001121;0.001102;0.001097;0.001105;0.001111;0.001118;0.001095;0.001102;0.001189;0.001115;0.001099;0.001111;0.001101;0.001115;0.001146;0.001183;0.001108;0.001101;0.001096;0.001105;0.001106;0.001103;0.001112;0.001132;0.001106;0.001094;0.001102;0.001114;0.001186;0.001101;0.001105;0.001099;0.001107;0.001130;0.001101;0.001106;0.001100;0.001102;0.001109;0.001097;0.001101;0.001101;0.001123;0.001095;0.001094;0.001118;0.001110;0.001099;0.001097;0.001119;0.001106;0.001105;0.001106;0.001111;0.001120;0.001097;0.001112;0.001136;0.001099;0.001170;0.001114;0.001103;0.001102;0.001170;0.001100;0.001118;0.001106;0.001108;0.001103;0.001116;0.001098;0.001118;0.001109;0.001109;0.001104;0.001102;0.001098;0.001096;0.001141;0.008686;0.007022;0.006992;0.007038;0.008664;0.007025;0.008659;0.007041;0.008680;0.008698;0.005788;0.001122;0.001102;0.001103;0.001113;0.001108;0.001103;0.001114;0.001142;0.001106;0.001127;0.001111;0.001122;0.001111;0.001099;0.001104;0.001120;0.001107;0.001111;0.001124;0.001106;0.001106;0.001105;0.001571;0.001123;0.001118;0.001101;0.001143;0.001099;0.001109;0.001107;0.001110;0.001132;0.001536;0.001105;0.001108;0.001120;0.001104;0.001105;0.001112;0.001100;0.001112;0.001104;0.001102;0.001151;0.001097;0.001111;0.001124;0.001104;0.001105;0.001111;0.001105;0.001101;0.001108;static;static,12500;12500;24
300000;0.001099;0.001101;0.001196;0.001102;0.001116;0.001115;0.001120;0.001102;0.001096;0.001107;0.001106;0.001105;0.001106;0.001126;0.001101;0.001098;0.001104;0.001111;0.001113;0.001106;0.001114;0.001097;0.001102;0.001138;0.001091;0.001110;0.001104;0.001103;0.001107;0.001105;0.001107;0.001102;0.001108;0.001100;0.001102;0.001099;0.001139;0.001104;0.001117;0.001094;0.001101;0.001109;0.001098;0.001106;0.001100;0.001113;0.001099;0.001110;0.001103;0.001100;0.001116;0.001101;0.001099;0.001111;0.001099;0.001099;0.001099;0.001106;0.001105;0.001104;0.001112;0.001104;0.001130;0.001136;0.001100;0.001105;0.001097;0.001101;0.001106;0.001110;0.001103;0.001098;0.001131;0.001101;0.001135;0.001298;0.001107;0.001127;0.001107;0.001106;0.001090;0.001109;0.001096;0.001124;0.001099;0.001096;0.001104;0.001107;0.001117;0.001100;0.001105;0.001227;0.001115;0.001104;0.001094;0.001090;0.001109;0.001097;0.001103;0.001098;0.001109;0.001159;0.001101;0.001098;0.001130;0.001117;0.001100;0.001095;0.001120;0.001102;0.001098;0.001090;0.001096;0.001102;0.001116;0.001129;0.001114;0.001125;0.001100;0.001109;0.001102;0.001104;0.001097;0.001123;0.001098;0.001099;0.001105;0.001100;0.001104;0.001096;0.001116;0.001099;0.001115;0.001097;0.001098;0.001109;0.001150;0.001097;0.001102;0.001105;0.001104;0.001109;0.001111;0.001110;0.001105;0.001108;0.001100;0.001098;0.001105;0.001098;0.001110;0.001103;0.001103;0.001101;0.001118;0.001098;0.001100;0.001097;0.001106;0.001100;0.001093;0.001107;0.001104;0.001102;0.001107;0.001170;0.001118;0.001100;0.001095;0.001098;0.001109;0.001105;0.001106;0.001106;0.001108;0.001126;0.001100;0.001100;0.001100;0.001106;0.001117;0.001103;0.001121;0.001103;0.001121;0.001158;0.001101;0.001101;0.001110;0.001097;0.001114;0.001095;0.001135;0.001117;0.001111;0.001106;0.001100;0.001102;0.001110;0.001100;static;static,9375;9375;32
300000;0.001150;0.001096;0.001094;0.001109;0.001098;0.001105;0.001104;0.001105;0.001102;0.001116;0.001091;0.001103;0.001121;0.001103;0.001094;0.001098;0.001122;0.001096;0.001109;0.001094;0.001096;0.001125;0.001115;0.001095;0.001095;0.001095;0.001102;0.001107;0.001118;0.001096;0.001116;0.001094;0.001109;0.001093;0.001204;0.001094;0.001095;0.001097;0.001132;0.001223;0.001094;0.001096;0.001094;0.001095;0.001096;0.001100;0.001096;0.001096;0.001102;0.001091;0.001095;0.001095;0.001097;0.001131;0.001100;0.001094;0.001095;0.001099;0.001100;0.001104;0.001108;0.001093;0.001116;0.001109;0.001096;0.001100;0.001096;0.001093;0.001091;0.001100;0.001111;0.001096;0.001116;0.001095;0.001093;0.001103;0.001091;0.001118;0.001129;0.001090;0.001096;0.001095;0.001095;0.001095;0.001099;0.001088;0.001097;0.001096;0.001103;0.001098;0.001109;0.001105;0.001104;0.001090;0.001100;0.001100;0.001088;0.001100;0.001092;0.001097;0.001090;0.001096;0.001092;0.001101;0.001094;0.001098;0.001102;0.001098;0.001102;0.001094;0.001100;0.001111;0.001323;0.001093;0.001098;0.001117;0.001104;0.001120;0.001091;0.001124;0.001102;0.001095;0.001096;0.001104;0.001109;0.001093;0.001097;0.001101;0.001094;0.001093;0.001113;0.001135;0.001098;0.001104;0.001096;0.001101;0.001101;0.001118;0.001093;0.001116;0.001104;0.001117;0.001120;0.001100;0.001103;0.001092;0.001095;0.001117;0.001199;0.001090;0.001106;0.001111;0.003209;0.001101;0.001097;0.001096;0.001101;0.001126;0.001097;0.001372;0.001092;0.001102;0.001104;0.001178;0.001090;0.001092;0.001098;0.001111;0.001099;0.001096;0.001097;0.001107;0.001091;0.001126;0.001090;0.001094;0.001107;0.001099;0.001105;0.001099;0.001099;0.001090;0.001096;0.001130;0.001102;0.001108;0.001096;0.001098;0.001095;0.001133;0.001095;0.001096;0.001094;0.001099;0.001099;0.001107;0.001105;0.001121;0.001107;0.001104;dynamic;dynamic,37500;37500;8
300000;0.001096;0.001097;0.001103;0.001100;0.001096;0.001098;0.001110;0.001100;0.001118;0.001100;0.001132;0.001092;0.001119;0.001106;0.001122;0.001094;0.001098;0.001094;0.001200;0.001130;0.001097;0.001107;0.001095;0.001095;0.001102;0.001096;0.001097;0.001168;0.001100;0.001137;0.001106;0.001148;0.001100;0.001097;0.001099;0.001100;0.001135;0.001106;0.001096;0.001103;0.001098;0.001107;0.001287;0.001104;0.001121;0.001125;0.001265;0.001103;0.001130;0.001142;0.001103;0.001104;0.001108;0.001101;0.001100;0.001126;0.001096;0.001105;0.001108;0.001092;0.001100;0.001103;0.001098;0.001106;0.001118;0.001098;0.001111;0.001097;0.001095;0.001100;0.001108;0.001137;0.001099;0.001097;0.001121;0.001102;0.001106;0.001108;0.001109;0.001099;0.001102;0.001104;0.001098;0.001120;0.001101;0.001115;0.001092;0.001101;0.001107;0.001122;0.001104;0.001100;0.001096;0.001109;0.001134;0.001134;0.001099;0.001099;0.001126;0.001097;0.001099;0.001111;0.001134;0.001097;0.001121;0.001102;0.001093;0.001105;0.001097;0.001100;0.001108;0.001102;0.001100;0.001105;0.001100;0.001097;0.001105;0.001094;0.001097;0.001125;0.001100;0.001106;0.001101;0.001106;0.001094;0.001096;0.001110;0.001110;0.001103;0.001115;0.001104;0.001113;0.001099;0.001105;0.001104;0.001107;0.001192;0.001105;0.001102;0.001101;0.001105;0.001142;0.001108;0.001115;0.001099;0.001107;0.001104;0.001097;0.001102;0.001108;0.001095;0.001097;0.001093;0.001099;0.001097;0.001110;0.001098;0.001096;0.001123;0.001092;0.001105;0.001096;0.001095;0.001567;0.001282;0.001106;0.001097;0.001102;0.001088;0.001103;0.001096;0.001264;0.001104;0.001100;0.001093;0.001100;0.001107;0.001340;0.001107;0.001103;0.001108;0.001094;0.001112;0.001098;0.001101;0.001111;0.001104;0.001101;0.001105;0.001095;0.001102;0.001099;0.001137;0.001118;0.001129;0.001114;0.001092;0.001097;0.001105;0.001099;dynamic;dynamic,18750;18750;16
300000;0.001103;0.001107;0.001105;0.001106;0.001101;0.001105;0.001106;0.001098;0.001092;0.001095;0.001098;0.001106;0.001102;0.001104;0.001104;0.001104;0.001113;0.001117;0.001158;0.001098;0.001100;0.001102;0.001114;0.001104;0.001105;0.001106;0.001107;0.001099;0.001128;0.001106;0.001107;0.001092;0.001101;0.001108;0.001107;0.001101;0.001112;0.001100;0.001103;0.001097;0.001103;0.001115;0.001106;0.001097;0.001103;0.001106;0.001121;0.001104;0.001124;0.001102;0.001109;0.001133;0.001099;0.001113;0.001116;0.001106;0.001099;0.004449;0.001110;0.001111;0.001133;0.001109;0.001110;0.001106;0.001106;0.001101;0.001107;0.001122;0.001212;0.001104;0.001095;0.001100;0.001101;0.001103;0.001122;0.001107;0.001105;0.001107;0.001105;0.001106;0.001137;0.001109;0.001100;0.001116;0.001190;0.001135;0.001114;0.001108;0.001124;0.001095;0.001106;0.001101;0.001100;0.001094;0.001113;0.001102;0.001099;0.001106;0.001109;0.001096;0.001099;0.001107;0.001117;0.001100;0.001099;0.001110;0.001099;0.001121;0.001106;0.001130;0.001105;0.001134;0.001107;0.001095;0.001111;0.001102;0.001105;0.001135;0.001107;0.001163;0.001099;0.001106;0.001117;0.001100;0.001104;0.001105;0.001580;0.001141;0.001104;0.001100;0.001106;0.001109;0.001110;0.001110;0.001109;0.001129;0.001106;0.001104;0.001105;0.001105;0.001117;0.001097;0.001142;0.001101;0.001101;0.001099;0.001098;0.001104;0.001119;0.001143;0.001107;0.001100;0.001109;0.001102;0.001103;0.001099;0.001103;0.001105;0.001109;0.001110;0.001117;0.001099;0.001102;0.001109;0.001114;0.001104;0.001098;0.001107;0.001110;0.001105;0.001099;0.001100;0.001112;0.001121;0.001107;0.001117;0.002558;0.001102;0.001208;0.001106;0.001106;0.001108;0.001109;0.001099;0.001106;0.001288;0.001106;0.001110;0.001113;0.001097;0.001131;0.001105;0.001132;0.001105;0.001107;0.001125;0.001122;0.001114;0.001103;0.001108;dynamic;dynamic,12500;12500;24
300000;0.001105;0.001107;0.001110;0.001105;0.001118;0.001103;0.001102;0.001108;0.001105;0.001129;0.001106;0.001104;0.001137;0.001104;0.001106;0.001132;0.001113;0.001108;0.001104;0.001116;0.001101;0.001104;0.001138;0.001103;0.001144;0.001110;0.001103;0.001100;0.001099;0.001141;0.001106;0.001166;0.001105;0.001102;0.001100;0.001107;0.001118;0.001095;0.001105;0.001104;0.001104;0.001111;0.001091;0.001100;0.001100;0.001126;0.001196;0.001114;0.001115;0.003145;0.001105;0.001103;0.001106;0.001098;0.001102;0.001101;0.001103;0.001099;0.001118;0.001106;0.001106;0.001102;0.001101;0.001106;0.001100;0.001106;0.001102;0.001106;0.001110;0.001106;0.001105;0.001096;0.001096;0.001136;0.001105;0.001110;0.001550;0.001127;0.001119;0.001108;0.001104;0.001099;0.001110;0.004125;0.001098;0.001128;0.001114;0.001098;0.001101;0.001108;0.001117;0.001105;0.001113;0.001108;0.001101;0.001131;0.001101;0.001113;0.001119;0.001118;0.001099;0.001106;0.001102;0.001110;0.001109;0.001097;0.001121;0.001092;0.001160;0.001111;0.001099;0.001100;0.001114;0.001128;0.001104;0.001139;0.001102;0.001107;0.001098;0.001107;0.001105;0.001143;0.001102;0.001103;0.001120;0.001103;0.001113;0.001096;0.001107;0.001103;0.001102;0.001207;0.001103;0.001108;0.001140;0.001098;0.001111;0.001101;0.001102;0.001098;0.001106;0.001105;0.001096;0.001115;0.001105;0.001102;0.001113;0.001099;0.001107;0.001106;0.001104;0.001100;0.001117;0.001104;0.001113;0.001119;0.001127;0.001102;0.001102;0.001103;0.001133;0.001104;0.001108;0.001112;0.001107;0.001149;0.001106;0.001101;0.001093;0.001115;0.001102;0.001115;0.001109;0.001110;0.001115;0.001134;0.001114;0.001128;0.001109;0.001108;0.001098;0.001106;0.001120;0.001106;0.001105;0.001114;0.001106;0.001118;0.001095;0.001112;0.001117;0.001107;0.001103;0.001111;0.001100;0.001109;0.001105;0.001104;0.001120;0.001111;dynamic;dynamic,9375;9375;32
300000;0.001162;0.001156;0.001154;0.001148;0.001184;0.001148;0.001161;0.001175;0.001151;0.001159;0.001155;0.001157;0.001149;0.001156;0.001162;0.001150;0.001185;0.001153;0.001154;0.001155;0.001154;0.001171;0.001154;0.001150;0.001151;0.001152;0.001150;0.001162;0.001149;0.001154;0.001173;0.001152;0.001148;0.001152;0.001157;0.001171;0.001157;0.001165;0.001172;0.001149;0.001167;0.001150;0.003231;0.001158;0.001274;0.001166;0.001159;0.001157;0.001159;0.001150;0.001147;0.001157;0.001159;0.001144;0.001166;0.001168;0.001178;0.001164;0.001152;0.001153;0.001154;0.001157;0.001158;0.001155;0.001214;0.001386;0.001160;0.001149;0.001164;0.001147;0.001150;0.001152;0.001145;0.001155;0.001165;0.001147;0.001359;0.001148;0.001180;0.001181;0.001163;0.001158;0.001149;0.001151;0.001154;0.001159;0.001161;0.001550;0.001145;0.001150;0.001171;0.001166;0.001152;0.001149;0.001161;0.001148;0.001173;0.001149;0.001151;0.001159;0.001148;0.001176;0.001161;0.001149;0.001149;0.001158;0.001154;0.001171;0.001184;0.001149;0.001164;0.001151;0.001147;0.001173;0.001148;0.001162;0.001190;0.001143;0.001151;0.001160;0.001179;0.001164;0.001151;0.001182;0.001154;0.001151;0.001152;0.001155;0.001162;0.001142;0.001151;0.001154;0.001156;0.001165;0.001149;0.001150;0.001155;0.001166;0.001169;0.001145;0.001147;0.001157;0.001158;0.001150;0.001176;0.001149;0.001152;0.001150;0.001146;0.001152;0.001156;0.001157;0.001151;0.001152;0.001147;0.001160;0.001156;0.001157;0.001159;0.001154;0.001148;0.001150;0.001162;0.001150;0.001155;0.001156;0.001147;0.001149;0.001144;0.001172;0.001154;0.001146;0.001148;0.001140;0.001150;0.001156;0.001151;0.001151;0.001153;0.001158;0.001165;0.001160;0.001145;0.001158;0.001154;0.001148;0.001146;0.001151;0.001143;0.001148;0.001151;0.001151;0.001155;0.001159;0.001145;0.001146;0.001156;0.001152;0.001146;0.001148;guided;guided,37500;37500;8
300000;0.001227;0.001104;0.001116;0.001104;0.001140;0.001107;0.001103;0.001101;0.001098;0.001117;0.001105;0.001114;0.001117;0.001096;0.001110;0.001126;0.001108;0.001105;0.001105;0.001107;0.001259;0.001134;0.001100;0.001110;0.001103;0.001101;0.001099;0.001110;0.001103;0.001130;0.001098;0.001110;0.001110;0.001117;0.001101;0.001119;0.001111;0.001104;0.001101;0.001119;0.001105;0.001103;0.001099;0.001107;0.001122;0.001104;0.001102;0.001126;0.001118;0.001147;0.001107;0.001132;0.001105;0.001102;0.001095;0.001130;0.001114;0.001320;0.001102;0.001123;0.001119;0.001105;0.001102;0.001110;0.001101;0.001166;0.001101;0.001099;0.001106;0.001105;0.001118;0.001102;0.001099;0.001102;0.001101;0.001109;0.001104;0.001108;0.001101;0.001110;0.001106;0.001129;0.001099;0.001108;0.001104;0.001095;0.001121;0.001101;0.001103;0.001100;0.001109;0.001102;0.001109;0.001111;0.001107;0.001100;0.001104;0.001101;0.001107;0.001236;0.001117;0.001101;0.001099;0.001109;0.001120;0.001106;0.001110;0.001143;0.001102;0.001099;0.001105;0.001129;0.001113;0.001102;0.001100;0.001108;0.001116;0.001108;0.001098;0.001101;0.001102;0.001096;0.001106;0.001105;0.001100;0.001107;0.001113;0.001106;0.001094;0.001137;0.001108;0.001103;0.001112;0.001100;0.001102;0.001101;0.001102;0.001095;0.001101;0.001095;0.001144;0.001112;0.001097;0.001108;0.001103;0.001114;0.001102;0.001102;0.001111;0.001100;0.001098;0.001111;0.001101;0.001105;0.001097;0.001103;0.001103;0.001100;0.001098;0.001112;0.001107;0.001352;0.001120;0.001105;0.001106;0.001108;0.001103;0.001101;0.001102;0.001117;0.001110;0.001102;0.001111;0.001120;0.001133;0.001108;0.001107;0.001103;0.001109;0.001102;0.001101;0.001111;0.001105;0.001109;0.001125;0.001105;0.001111;0.001108;0.001103;0.001105;0.001112;0.001108;0.001121;0.001109;0.001113;0.001100;0.001104;0.001108;0.001098;0.001104;guided;guided,18750;18750;16
300000;0.001192;0.001180;0.001175;0.001161;0.001172;0.001170;0.001175;0.001165;0.001172;0.001197;0.001177;0.001169;0.001168;0.001165;0.001407;0.001175;0.001227;0.001175;0.001165;0.001169;0.001170;0.001177;0.001172;0.001171;0.001172;0.001191;0.001172;0.001165;0.001182;0.001166;0.001175;0.001186;0.001159;0.001171;0.001176;0.001174;0.001166;0.001163;0.001169;0.001186;0.001177;0.001170;0.001178;0.001168;0.001186;0.001165;0.001167;0.001170;0.001212;0.001171;0.001172;0.001186;0.001169;0.001175;0.001189;0.001164;0.001173;0.001185;0.001171;0.001179;0.001180;0.001184;0.001167;0.001178;0.001170;0.001173;0.001189;0.001182;0.001169;0.001173;0.001170;0.001168;0.001159;0.001166;0.001167;0.001177;0.001169;0.001170;0.001171;0.001168;0.001172;0.001183;0.001188;0.001178;0.001170;0.001181;0.001167;0.001191;0.001169;0.001178;0.001170;0.001168;0.001177;0.001173;0.001164;0.001175;0.001167;0.001161;0.001173;0.001173;0.001171;0.001200;0.001174;0.001166;0.001176;0.001170;0.001178;0.001173;0.001177;0.001192;0.001168;0.001189;0.001166;0.001170;0.001172;0.001364;0.001172;0.001176;0.001177;0.001168;0.001164;0.001184;0.001180;0.001186;0.001177;0.001187;0.001157;0.001170;0.001170;0.001173;0.002162;0.001182;0.001174;0.001175;0.001166;0.001175;0.001172;0.001177;0.001185;0.001175;0.001194;0.001169;0.001163;0.001170;0.001211;0.001190;0.001161;0.001181;0.001176;0.001168;0.001172;0.001168;0.001170;0.001174;0.001171;0.001161;0.001185;0.001162;0.001158;0.001167;0.001165;0.001212;0.001173;0.001172;0.001178;0.001171;0.001191;0.001177;0.001176;0.001167;0.001169;0.001176;0.001181;0.001159;0.001197;0.001165;0.001169;0.001161;0.001164;0.001166;0.001179;0.001187;0.001164;0.001175;0.001174;0.001195;0.001167;0.001192;0.001172;0.001186;0.001170;0.001169;0.001169;0.001167;0.001179;0.001165;0.001166;0.001176;0.001187;0.001172;guided;guided,12500;12500;24
300000;0.001144;0.001137;0.001143;0.001558;0.001131;0.001144;0.001134;0.001146;0.001130;0.001135;0.001132;0.001135;0.001134;0.001130;0.001143;0.001132;0.001151;0.001135;0.001132;0.001132;0.001146;0.001137;0.001131;0.001132;0.001139;0.001146;0.001143;0.001131;0.001136;0.001140;0.001146;0.001147;0.001192;0.001135;0.001150;0.001128;0.001142;0.001131;0.001138;0.001126;0.001130;0.001132;0.001129;0.001147;0.001135;0.001143;0.001138;0.001129;0.001123;0.001128;0.001134;0.001135;0.001135;0.001133;0.001141;0.001132;0.001131;0.001138;0.001132;0.001141;0.001144;0.001140;0.001141;0.001133;0.001132;0.001142;0.001135;0.001132;0.001148;0.001131;0.001145;0.001137;0.001154;0.001150;0.001147;0.001156;0.001137;0.001138;0.001562;0.001134;0.001132;0.001132;0.001339;0.001185;0.001152;0.001126;0.001140;0.001154;0.001131;0.001132;0.001127;0.001167;0.001139;0.001143;0.001137;0.001127;0.001134;0.001136;0.001131;0.001136;0.001162;0.001140;0.001157;0.001127;0.001139;0.001142;0.001128;0.001141;0.001138;0.001134;0.001141;0.001136;0.001124;0.001131;0.001141;0.001131;0.001130;0.001129;0.001130;0.001144;0.001172;0.001158;0.001143;0.001157;0.001131;0.001159;0.001137;0.001144;0.001142;0.001133;0.001129;0.001142;0.001134;0.001148;0.001136;0.001153;0.001142;0.001148;0.001122;0.001164;0.001129;0.001154;0.001138;0.001130;0.001129;0.001144;0.001137;0.001137;0.001134;0.001141;0.001148;0.001131;0.001129;0.001133;0.001135;0.001126;0.001146;0.001132;0.001158;0.001612;0.001136;0.001145;0.001138;0.001129;0.001135;0.001149;0.001129;0.001146;0.001132;0.001138;0.001139;0.001135;0.001135;0.001132;0.001147;0.001139;0.001135;0.001157;0.001136;0.001168;0.001132;0.001145;0.001128;0.001144;0.001137;0.001160;0.001130;0.001137;0.001132;0.001123;0.001141;0.001145;0.001140;0.001151;0.001147;0.001140;0.001147;0.001159;0.001133;0.001154;guided;guided,9375;9375;32
400000;0.005156;0.005124;0.005104;0.005118;0.005103;0.005119;0.005131;0.005150;0.005139;0.005134;0.005121;0.005121;0.005098;0.005129;0.005310;0.005116;0.005118;0.005112;0.005155;0.005143;0.005118;0.005128;0.005137;0.005108;0.005124;0.005118;0.005117;0.005141;0.005195;0.005111;0.005122;0.005127;0.005120;0.005111;0.005108;0.005127;0.005124;0.005130;0.005127;0.005119;0.005906;0.005136;0.005118;0.005140;0.005126;0.005134;0.005113;0.005148;0.005154;0.005116;0.005109;0.005108;0.005154;0.005118;0.005125;0.005119;0.005367;0.005156;0.005128;0.005140;0.005122;0.005150;0.005111;0.005133;0.005112;0.005132;0.005139;0.005120;0.005106;0.005124;0.005136;0.005134;0.005105;0.005122;0.005235;0.005156;0.005118;0.005110;0.005150;0.005121;0.005311;0.005122;0.005113;0.005132;0.005146;0.005131;0.005109;0.005100;0.005105;0.005113;0.005124;0.005101;0.005111;0.005143;0.005114;0.005120;0.005108;0.005101;0.005222;0.005109;0.005112;0.005108;0.005129;0.005146;0.005115;0.005126;0.005136;0.005105;0.005099;0.005109;0.005124;0.005136;0.005144;0.005115;0.005110;0.005099;0.005116;0.005686;0.005880;0.005106;0.005107;0.005145;0.005122;0.005102;0.005120;0.005124;0.005102;0.005112;0.005122;0.005131;0.005106;0.005098;0.005104;0.005116;0.005114;0.005120;0.005359;0.005103;0.005117;0.005141;0.005128;0.005108;0.005118;0.005115;0.005117;0.005122;0.005129;0.005123;0.005116;0.005135;0.005116;0.005115;0.005127;0.005303;0.005122;0.005127;0.005119;0.005106;0.005118;0.005114;0.005121;0.005123;0.005136;0.005129;0.005108;0.005116;0.005126;0.005105;0.005105;0.005102;0.005112;0.005108;0.005115;0.005121;0.005118;0.005102;0.005122;0.005115;0.005112;0.005135;0.005115;0.005111;0.005102;0.005121;0.005123;0.005115;0.005123;0.005126;0.005133;0.005127;0.005117;0.005122;0.005106;0.005112;0.005099;0.005119;0.005141;0.005116;0.005100;0.005101;seq;seq;0;0
400000;0.001411;0.001428;0.001409;0.001433;0.001445;0.001413;0.001411;0.001425;0.001417;0.001404;0.001401;0.001409;0.001408;0.001404;0.001405;0.001411;0.001424;0.001408;0.001419;0.001417;0.001402;0.001406;0.001407;0.001418;0.001425;0.001404;0.001417;0.001417;0.001424;0.001411;0.001407;0.001414;0.001407;0.001420;0.001404;0.001401;0.001406;0.001409;0.001440;0.001412;0.001414;0.001414;0.001415;0.001463;0.001423;0.001446;0.001420;0.001432;0.001423;0.001416;0.001447;0.001406;0.001425;0.001415;0.001410;0.001403;0.001407;0.001407;0.001419;0.001413;0.001413;0.001426;0.001411;0.001639;0.001417;0.001405;0.001407;0.001404;0.001401;0.001406;0.001406;0.001426;0.001400;0.001422;0.001435;0.001565;0.001433;0.001439;0.001414;0.001408;0.001415;0.001416;0.001408;0.001409;0.001413;0.001429;0.001446;0.001447;0.001447;0.001431;0.001420;0.001440;0.001413;0.001427;0.001422;0.001418;0.001434;0.001407;0.001465;0.001422;0.001418;0.001422;0.001405;0.001409;0.001406;0.001400;0.001416;0.001404;0.001411;0.001405;0.001406;0.001414;0.001408;0.001402;0.001409;0.001408;0.001424;0.001417;0.001412;0.001415;0.001421;0.001409;0.001436;0.001433;0.001407;0.001412;0.001409;0.001471;0.001411;0.001630;0.001441;0.001420;0.001406;0.001445;0.001408;0.001403;0.001430;0.001414;0.001406;0.001410;0.001409;0.001463;0.001412;0.001414;0.001402;0.001453;0.001430;0.001398;0.001421;0.001418;0.001413;0.001429;0.001416;0.001414;0.001426;0.001420;0.001429;0.001415;0.001417;0.001429;0.001417;0.001427;0.001438;0.001410;0.001405;0.001406;0.001412;0.001414;0.001412;0.001456;0.001417;0.001467;0.001424;0.001412;0.001442;0.001401;0.001426;0.001414;0.001405;0.001402;0.001399;0.001418;0.001410;0.001444;0.001404;0.001442;0.001440;0.001435;0.001399;0.001401;0.001405;0.001405;0.001411;0.001678;0.001456;0.001408;0.001444;0.001403;0.001405;0.001417;auto;auto;0;0
400000;0.003895;0.003896;0.004370;0.003906;0.003886;0.003928;0.003895;0.003892;0.003909;0.003880;0.003900;0.003881;0.003907;0.003908;0.003938;0.003908;0.003902;0.003906;0.003926;0.003876;0.003894;0.004078;0.003892;0.003911;0.003875;0.003927;0.003884;0.003897;0.003905;0.003920;0.003897;0.003899;0.003880;0.003885;0.003898;0.003900;0.003900;0.003888;0.003901;0.003906;0.003892;0.003888;0.003915;0.003898;0.003901;0.003890;0.003902;0.003912;0.003908;0.003903;0.003899;0.003906;0.003909;0.003903;0.003925;0.003902;0.003900;0.003908;0.003892;0.003905;0.003902;0.003893;0.003899;0.003917;0.003922;0.003898;0.003937;0.003894;0.003889;0.003887;0.003879;0.003911;0.003890;0.003893;0.003878;0.003886;0.003876;0.003895;0.003892;0.003891;0.003952;0.003889;0.003897;0.003900;0.003888;0.003899;0.003907;0.003919;0.003903;0.003896;0.003916;0.003874;0.003922;0.003894;0.003916;0.003895;0.003879;0.003896;0.003920;0.003893;0.003900;0.003908;0.003900;0.003915;0.003905;0.003907;0.003877;0.003905;0.003888;0.003894;0.003905;0.003907;0.003888;0.003887;0.003885;0.003912;0.003932;0.003925;0.003909;0.003917;0.003936;0.003905;0.003903;0.003932;0.003918;0.003913;0.003901;0.003896;0.003918;0.003903;0.003895;0.003886;0.003913;0.003900;0.003935;0.003905;0.003905;0.003890;0.003934;0.003888;0.003886;0.003901;0.003905;0.003900;0.003907;0.003876;0.003904;0.003902;0.003907;0.003884;0.003900;0.003873;0.003913;0.003889;0.003899;0.003896;0.003875;0.003897;0.003910;0.003917;0.003906;0.003895;0.003903;0.003904;0.003897;0.003915;0.003893;0.003900;0.003904;0.003892;0.003901;0.003911;0.003925;0.005319;0.003897;0.003908;0.003885;0.003885;0.003891;0.003899;0.003917;0.003911;0.003888;0.003913;0.003899;0.003904;0.003890;0.003895;0.003894;0.003907;0.003905;0.003899;0.003894;0.003899;0.003906;0.003906;0.003897;0.003910;0.003899;0.003901;static;static,1;1;0
400000;0.017269;0.019082;0.018875;0.018785;0.019072;0.017269;0.019611;0.018855;0.019104;0.018803;0.018847;0.018873;0.019088;0.017254;0.018189;0.017243;0.018208;0.018846;0.019038;0.019035;0.019018;0.018151;0.019078;0.018868;0.019036;0.018780;0.018876;0.018884;0.019601;0.018998;0.019056;0.019035;0.018932;0.019064;0.019491;0.018849;0.019634;0.019036;0.018877;0.019108;0.019628;0.017277;0.019620;0.018804;0.018864;0.018784;0.018155;0.019068;0.018838;0.018830;0.019560;0.017289;0.019024;0.017270;0.018882;0.018823;0.018835;0.017245;0.018861;0.017239;0.019051;0.019029;0.017232;0.018831;0.018830;0.018874;0.019027;0.019043;0.018816;0.017233;0.019497;0.018989;0.019056;0.018182;0.018814;0.018852;0.018812;0.018908;0.018211;0.018862;0.018840;0.019605;0.019641;0.018845;0.018998;0.019577;0.018180;0.018165;0.018389;0.018831;0.019007;0.019637;0.019584;0.019018;0.017242;0.019040;0.018143;0.018886;0.018833;0.018167;0.018847;0.017252;0.018169;0.018201;0.018838;0.018923;0.018884;0.018171;0.019053;0.018169;0.018808;0.017232;0.018899;0.018828;0.018173;0.018881;0.017267;0.018822;0.019049;0.019584;0.019069;0.018824;0.019597;0.019063;0.018867;0.018875;0.018998;0.017197;0.019038;0.018204;0.019081;0.018844;0.018861;0.019620;0.018846;0.018885;0.019036;0.019016;0.017289;0.019591;0.018872;0.019038;0.018786;0.018818;0.018861;0.019620;0.019046;0.019619;0.018871;0.017310;0.019052;0.018866;0.018838;0.019626;0.018804;0.019039;0.018884;0.018148;0.019044;0.017215;0.018787;0.019061;0.018837;0.018793;0.019637;0.019079;0.019072;0.019036;0.017244;0.017245;0.018158;0.018842;0.018840;0.019610;0.017208;0.019570;0.018789;0.018158;0.018885;0.018869;0.019051;0.019061;0.018840;0.019020;0.019036;0.018815;0.019031;0.019082;0.018810;0.019040;0.018845;0.019019;0.018829;0.017255;0.018173;0.017245;0.018827;0.018166;0.018167;0.018841;dynamic;dynamic,1;1;0
400000;0.001438;0.001416;0.001427;0.001423;0.001423;0.001438;0.001417;0.001417;0.001414;0.001406;0.001422;0.001412;0.001408;0.001407;0.001422;0.001422;0.001405;0.001407;0.001411;0.001435;0.001420;0.001418;0.001413;0.001417;0.001439;0.001425;0.001426;0.001414;0.001416;0.001442;0.001415;0.001416;0.001404;0.001418;0.001409;0.001411;0.001425;0.001412;0.001403;0.001545;0.001416;0.001409;0.001407;0.001419;0.001407;0.001410;0.001403;0.001408;0.001406;0.001554;0.001448;0.001421;0.001421;0.001412;0.001408;0.001405;0.001418;0.001416;0.001415;0.001412;0.001407;0.001413;0.001438;0.001421;0.001430;0.001418;0.001425;0.001417;0.001415;0.001405;0.001415;0.001437;0.001406;0.001409;0.001409;0.001415;0.001429;0.001403;0.001401;0.001410;0.001409;0.001420;0.001410;0.001426;0.001409;0.001407;0.001404;0.001417;0.001638;0.001412;0.001407;0.001419;0.001406;0.001436;0.001472;0.001409;0.001422;0.001415;0.001423;0.001420;0.001418;0.001428;0.001451;0.001419;0.001459;0.001407;0.001419;0.001403;0.001410;0.001412;0.001418;0.001438;0.001429;0.001417;0.001415;0.001406;0.001413;0.001421;0.001428;0.001446;0.001420;0.001440;0.001408;0.001406;0.001427;0.001407;0.001407;0.001425;0.001410;0.001435;0.001422;0.001416;0.001432;0.001412;0.001411;0.001407;0.001405;0.001420;0.001411;0.001429;0.001411;0.001423;0.001430;0.001410;0.001405;0.001413;0.001406;0.001418;0.001416;0.001421;0.001420;0.001418;0.001422;0.001404;0.001422;0.001442;0.001415;0.001432;0.001422;0.001414;0.001415;0.001411;0.001437;0.001413;0.001416;0.001416;0.001419;0.001409;0.001407;0.001421;0.001430;0.006670;0.006834;0.006801;0.008504;0.006858;0.006794;0.006791;0.006843;0.006861;0.006893;0.006863;0.004113;0.006797;0.006852;0.006797;0.008495;0.008643;0.008510;0.006811;0.006804;0.006796;0.006817;0.008508;0.008452;0.008475;0.006847;0.006794;0.006798;0.003772;guided;guided,1;1;0
400000;0.007722;0.007682;0.009361;0.009355;0.007632;0.007648;0.007690;0.009367;0.007691;0.009304;0.009353;0.007659;0.007646;0.003651;0.007216;0.009304;0.007656;0.007669;0.006520;0.007653;0.007674;0.009358;0.009327;0.009381;0.001461;0.001421;0.001430;0.001414;0.001426;0.001426;0.001445;0.001416;0.001449;0.001424;0.001434;0.001435;0.001423;0.001419;0.001436;0.001439;0.001418;0.001413;0.001476;0.001415;0.001462;0.001426;0.001457;0.001435;0.001412;0.001416;0.001410;0.001450;0.001423;0.001428;0.001410;0.001415;0.001442;0.001421;0.001422;0.001410;0.001416;0.001434;0.001455;0.001422;0.001414;0.001407;0.001431;0.001428;0.001419;0.001419;0.001421;0.001404;0.001416;0.001430;0.001416;0.001879;0.001422;0.001748;0.002502;0.001414;0.001474;0.001416;0.001413;0.001465;0.001419;0.001410;0.001443;0.001428;0.001444;0.001419;0.001414;0.001426;0.001422;0.001413;0.001406;0.001423;0.001430;0.001407;0.001416;0.001413;0.001411;0.001406;0.001417;0.001416;0.001421;0.001418;0.001425;0.001406;0.001410;0.001429;0.001431;0.001409;0.001413;0.001434;0.001418;0.001512;0.001411;0.001404;0.001409;0.001418;0.001442;0.001423;0.001422;0.001435;0.001417;0.001433;0.001410;0.001413;0.001409;0.001429;0.001411;0.001421;0.001409;0.001432;0.001418;0.001803;0.001427;0.001405;0.001404;0.001419;0.001439;0.001440;0.001413;0.001405;0.001423;0.001418;0.001418;0.001415;0.001405;0.001823;0.001462;0.001411;0.001431;0.001423;0.001409;0.001441;0.001420;0.001421;0.001435;0.001415;0.001424;0.001421;0.001407;0.001426;0.001425;0.001431;0.001412;0.001415;0.001403;0.001418;0.001412;0.001459;0.001426;0.001431;0.001407;0.001418;0.001436;0.001417;0.001455;0.001412;0.001452;0.001411;0.001426;0.001428;0.001436;0.001417;0.001421;0.001418;0.001447;0.001443;0.001440;0.001412;0.001417;0.001421;0.001431;0.001413;0.001416;0.001410;0.001437;0.001429;static;static,50000;50000;8
400000;0.001425;0.001425;0.001412;0.001412;0.001445;0.001474;0.001431;0.001421;0.001414;0.001423;0.001427;0.001427;0.001414;0.001512;0.001431;0.001421;0.001420;0.001646;0.001420;0.001440;0.001416;0.001413;0.001405;0.001408;0.001426;0.001410;0.001454;0.001404;0.001417;0.001465;0.001423;0.001436;0.001424;0.001421;0.001711;0.001418;0.001550;0.001415;0.001433;0.001409;0.001411;0.001452;0.001439;0.001656;0.001414;0.001429;0.001420;0.001442;0.001457;0.001427;0.001418;0.001426;0.001430;0.001440;0.001460;0.001415;0.001417;0.001410;0.001420;0.001430;0.001433;0.001428;0.001419;0.001429;0.001416;0.001433;0.001410;0.001411;0.001415;0.001416;0.001433;0.001435;0.001419;0.001426;0.001420;0.001419;0.001430;0.001422;0.001411;0.001418;0.001413;0.001407;0.001419;0.001423;0.001424;0.001418;0.001415;0.001424;0.001458;0.001425;0.001419;0.001427;0.001424;0.001431;0.001424;0.001415;0.001426;0.001425;0.001441;0.001410;0.001412;0.001405;0.001412;0.001418;0.001457;0.001418;0.001469;0.001426;0.001439;0.001435;0.001433;0.001451;0.001412;0.001443;0.001415;0.001410;0.001417;0.001415;0.001414;0.001461;0.001404;0.001894;0.001423;0.001426;0.001406;0.001415;0.001424;0.001450;0.001438;0.001421;0.001475;0.001409;0.001418;0.001425;0.001416;0.001410;0.001411;0.001414;0.001422;0.001415;0.001411;0.001412;0.001404;0.001410;0.001424;0.001415;0.001424;0.001428;0.001434;0.001436;0.001418;0.001427;0.001425;0.001425;0.001426;0.001429;0.001418;0.001418;0.001426;0.001445;0.001417;0.001437;0.001425;0.001410;0.001436;0.001424;0.001426;0.001422;0.001434;0.001425;0.001415;0.001417;0.001428;0.001424;0.001432;0.001427;0.001443;0.001428;0.001432;0.001435;0.001446;0.001412;0.001411;0.001457;0.001431;0.001423;0.001414;0.001452;0.001421;0.001420;0.001424;0.001425;0.001435;0.001416;0.001412;0.001413;0.001413;0.001422;0.001410;0.001419;static;static,25000;25000;16
400000;0.001466;0.001621;0.001418;0.001424;0.001416;0.001447;0.001408;0.001408;0.001413;0.001420;0.001413;0.001405;0.001422;0.001428;0.001417;0.001420;0.001430;0.001615;0.001414;0.001423;0.001412;0.001409;0.001412;0.001602;0.001410;0.001420;0.001430;0.001416;0.001409;0.001419;0.001415;0.001410;0.001416;0.001408;0.001448;0.001425;0.001419;0.001428;0.001424;0.001410;0.001432;0.001424;0.001428;0.001418;0.001421;0.001453;0.001428;0.001434;0.001425;0.001521;0.001424;0.001423;0.001452;0.001416;0.001416;0.001442;0.001428;0.001412;0.001424;0.001409;0.001403;0.001425;0.001423;0.001436;0.001434;0.001433;0.001408;0.001412;0.001426;0.001413;0.001409;0.001411;0.001424;0.001434;0.001415;0.001446;0.001424;0.001409;0.001454;0.001408;0.001413;0.001410;0.001407;0.001446;0.001432;0.001428;0.001413;0.001413;0.001449;0.001413;0.001454;0.001447;0.001421;0.001413;0.001625;0.001455;0.001464;0.001425;0.001427;0.001426;0.001429;0.001443;0.001404;0.001415;0.001415;0.001414;0.001412;0.001408;0.001458;0.001448;0.001459;0.001413;0.001425;0.001422;0.001431;0.001426;0.001411;0.001414;0.001413;0.001423;0.001413;0.001468;0.001414;0.001417;0.001411;0.001409;0.001877;0.001462;0.001415;0.001464;0.001434;0.001422;0.001411;0.001402;0.001413;0.001417;0.001408;0.001439;0.001413;0.001424;0.001417;0.001414;0.001415;0.001416;0.001427;0.001411;0.001416;0.001409;0.001448;0.001416;0.001440;0.001417;0.001429;0.001415;0.001436;0.001475;0.001418;0.001405;0.001421;0.001431;0.001406;0.001407;0.001458;0.001414;0.001438;0.001421;0.001497;0.005081;0.001437;0.001422;0.001435;0.001423;0.001426;0.001428;0.001430;0.001418;0.001416;0.001417;0.001415;0.001407;0.001409;0.001427;0.001427;0.001425;0.001431;0.001432;0.001412;0.001421;0.001414;0.001417;0.001423;0.001421;0.001413;0.001411;0.001412;0.001418;0.001419;0.001408;0.001414;0.001428;static;static,16666;16666;24
400000;0.001449;0.001415;0.001415;0.001422;0.001426;0.001423;0.001426;0.001431;0.001432;0.001426;0.001434;0.001418;0.001417;0.001424;0.001429;0.001426;0.001457;0.001427;0.001416;0.001416;0.001422;0.001415;0.001413;0.001412;0.001424;0.001417;0.001474;0.001429;0.001432;0.001410;0.001457;0.001431;0.001412;0.001440;0.001440;0.001429;0.001423;0.001421;0.001472;0.001423;0.001425;0.001406;0.001412;0.002365;0.001474;0.001432;0.001434;0.001421;0.001419;0.001415;0.001431;0.001423;0.001466;0.001432;0.001428;0.001453;0.001430;0.001431;0.001414;0.001418;0.001413;0.001427;0.001424;0.001432;0.001417;0.001418;0.001418;0.001433;0.001434;0.001433;0.001427;0.001533;0.001444;0.001463;0.001421;0.001440;0.001428;0.001455;0.001420;0.001415;0.001417;0.001415;0.001426;0.001421;0.001411;0.001416;0.001415;0.001420;0.001455;0.001418;0.001415;0.001413;0.001417;0.001455;0.001410;0.001416;0.001423;0.001416;0.001426;0.001419;0.001445;0.001424;0.001974;0.001409;0.001415;0.001410;0.001418;0.001413;0.001414;0.001408;0.001410;0.001413;0.001410;0.001419;0.001415;0.001419;0.001419;0.001421;0.001410;0.001426;0.001413;0.001421;0.001415;0.001423;0.001416;0.001410;0.001414;0.001414;0.001442;0.001420;0.001414;0.001436;0.001421;0.001414;0.001414;0.001410;0.001414;0.001414;0.001442;0.001412;0.001418;0.001413;0.001409;0.001461;0.001413;0.001423;0.001412;0.001435;0.001418;0.001425;0.001415;0.001461;0.001409;0.001409;0.001418;0.001409;0.001412;0.001432;0.001443;0.001414;0.001451;0.001424;0.001419;0.001452;0.001415;0.001412;0.001415;0.001639;0.001442;0.001436;0.001871;0.001428;0.001412;0.001418;0.001434;0.001410;0.001432;0.001426;0.001412;0.001418;0.001426;0.001433;0.001416;0.001411;0.001414;0.001619;0.001432;0.001424;0.001510;0.001418;0.001435;0.001427;0.001428;0.001428;0.001415;0.001438;0.001437;0.001421;0.001482;0.001428;static;static,12500;12500;32
400000;0.001425;0.001408;0.001444;0.001413;0.001413;0.001410;0.001417;0.001405;0.001428;0.001558;0.001437;0.001464;0.001419;0.001413;0.001409;0.001412;0.001428;0.001424;0.001424;0.001404;0.001413;0.001424;0.001417;0.001449;0.001420;0.001416;0.001421;0.001415;0.001426;0.001459;0.001418;0.001431;0.001420;0.001435;0.001407;0.001421;0.001435;0.001432;0.001555;0.001548;0.001439;0.001446;0.001416;0.001409;0.001414;0.001407;0.001415;0.001410;0.001451;0.001408;0.001417;0.001420;0.001425;0.001417;0.001425;0.001451;0.001427;0.001426;0.001422;0.001442;0.001416;0.001465;0.001416;0.001412;0.001517;0.001417;0.001437;0.001413;0.001455;0.001431;0.001433;0.001448;0.001434;0.001422;0.001441;0.001436;0.001446;0.001413;0.001435;0.001434;0.001416;0.001428;0.001416;0.001424;0.001427;0.001426;0.001437;0.001455;0.001425;0.001425;0.001439;0.001457;0.001429;0.001420;0.001425;0.001429;0.001466;0.001445;0.001432;0.001424;0.001419;0.001431;0.001434;0.001474;0.001406;0.001419;0.001422;0.001412;0.001412;0.001429;0.001429;0.001426;0.001412;0.001506;0.001426;0.001409;0.001410;0.001443;0.001408;0.001419;0.001410;0.001423;0.001446;0.001424;0.002014;0.001436;0.001447;0.001429;0.001407;0.001411;0.001411;0.001419;0.001454;0.001462;0.001423;0.001410;0.001443;0.001413;0.001455;0.001446;0.001420;0.001432;0.001427;0.001432;0.001421;0.001413;0.001420;0.001420;0.001419;0.001415;0.001412;0.001411;0.001415;0.001424;0.001457;0.001416;0.001415;0.001416;0.001417;0.001457;0.001421;0.001407;0.001418;0.001428;0.001438;0.001420;0.001405;0.001458;0.001416;0.001404;0.001430;0.001424;0.001424;0.001422;0.001412;0.001414;0.001419;0.001420;0.001441;0.001428;0.001442;0.001419;0.001408;0.001485;0.001444;0.001439;0.001420;0.001431;0.001448;0.001451;0.001424;0.001458;0.001423;0.001465;0.001427;0.001425;0.001425;0.001416;0.001431;0.001427;dynamic;dynamic,50000;50000;8
400000;0.001414;0.001422;0.001417;0.001416;0.001406;0.001419;0.001425;0.001418;0.001417;0.001421;0.001430;0.001422;0.001419;0.001434;0.001419;0.001419;0.001450;0.001414;0.001414;0.001414;0.001457;0.001430;0.001460;0.001437;0.001421;0.001434;0.001431;0.001420;0.001412;0.001425;0.001416;0.001422;0.001416;0.001418;0.001448;0.001426;0.001416;0.001439;0.001417;0.001415;0.001413;0.001414;0.001413;0.001415;0.001426;0.001419;0.001440;0.001421;0.001409;0.001424;0.001421;0.001417;0.001411;0.001415;0.001426;0.001433;0.001432;0.001408;0.001417;0.001421;0.001432;0.001413;0.001409;0.001416;0.001461;0.001427;0.001422;0.001419;0.001418;0.001451;0.001419;0.001427;0.001418;0.001415;0.001418;0.001426;0.001427;0.001415;0.001410;0.001413;0.001426;0.001417;0.001415;0.001411;0.001419;0.001418;0.001441;0.001430;0.001428;0.001419;0.001412;0.001411;0.001416;0.001447;0.001447;0.001410;0.001540;0.001409;0.001424;0.001424;0.001433;0.001409;0.001425;0.001415;0.001430;0.001431;0.001441;0.001414;0.001419;0.001415;0.001434;0.001423;0.001442;0.001430;0.001413;0.001539;0.001432;0.001508;0.001448;0.001423;0.001415;0.001421;0.001431;0.001442;0.001420;0.001411;0.001425;0.001408;0.001447;0.001430;0.001432;0.001651;0.001414;0.001455;0.001404;0.001415;0.001479;0.001424;0.001435;0.001420;0.001416;0.001418;0.001415;0.001427;0.001420;0.001429;0.001422;0.001425;0.001427;0.001437;0.001420;0.001415;0.001421;0.001415;0.001406;0.001414;0.001427;0.001433;0.001430;0.001649;0.001421;0.001420;0.001438;0.001419;0.001423;0.001428;0.001423;0.001428;0.001427;0.001424;0.001422;0.001430;0.001422;0.001409;0.001416;0.001420;0.001447;0.001410;0.001408;0.001458;0.001411;0.001418;0.001440;0.001420;0.001528;0.001426;0.001538;0.001421;0.001415;0.001412;0.001417;0.001406;0.001433;0.001434;0.001454;0.001412;0.001419;0.001538;0.001426;0.001429;dynamic;dynamic,25000;25000;16
400000;0.001413;0.001408;0.001413;0.001490;0.001415;0.001420;0.001443;0.001413;0.001443;0.001420;0.001425;0.001423;0.001425;0.001433;0.001423;0.001431;0.001413;0.001412;0.001424;0.001425;0.001424;0.001420;0.001424;0.001441;0.001436;0.001434;0.001418;0.001425;0.001458;0.001423;0.001435;0.001422;0.001431;0.001436;0.001439;0.001439;0.001415;0.001432;0.001463;0.001421;0.001414;0.001422;0.001430;0.001436;0.001422;0.001419;0.001421;0.001424;0.001429;0.001434;0.001424;0.001414;0.001417;0.001424;0.001447;0.001422;0.001647;0.001414;0.001406;0.001421;0.001436;0.001441;0.001428;0.001407;0.001411;0.001467;0.001416;0.001407;0.001405;0.001412;0.001442;0.001432;0.001444;0.001422;0.001424;0.001417;0.001408;0.001409;0.001437;0.001457;0.001478;0.001429;0.001416;0.001417;0.001435;0.001437;0.001429;0.001425;0.001419;0.001413;0.001427;0.001459;0.001442;0.001416;0.001409;0.001463;0.001418;0.001430;0.001412;0.001429;0.001446;0.001421;0.001435;0.001406;0.001406;0.001417;0.001437;0.001411;0.001426;0.001426;0.001419;0.001420;0.001418;0.001410;0.001417;0.001653;0.001435;0.001423;0.001415;0.001407;0.001415;0.001420;0.001430;0.001421;0.001425;0.001427;0.001431;0.001428;0.001423;0.001417;0.001412;0.001421;0.001413;0.001420;0.001411;0.001409;0.001425;0.001427;0.001420;0.001425;0.001456;0.001416;0.001410;0.001409;0.001414;0.001412;0.001437;0.001419;0.001414;0.001444;0.001416;0.001423;0.001406;0.001891;0.001436;0.001428;0.001428;0.001431;0.001428;0.001425;0.001420;0.001439;0.001412;0.001412;0.001417;0.001429;0.001417;0.001448;0.001437;0.001422;0.001428;0.001426;0.001433;0.001410;0.001437;0.001423;0.001415;0.001409;0.001408;0.001423;0.001420;0.001422;0.001423;0.001424;0.001418;0.001423;0.001413;0.001424;0.001436;0.001432;0.001433;0.001422;0.001427;0.001422;0.001419;0.001421;0.001415;0.001420;0.001414;0.001440;dynamic;dynamic,16666;16666;24
400000;0.001426;0.001435;0.001414;0.001435;0.001427;0.001412;0.001427;0.001430;0.001415;0.001427;0.001459;0.001425;0.001438;0.001427;0.001430;0.001415;0.001422;0.001444;0.001457;0.001482;0.001420;0.001418;0.001420;0.001422;0.001423;0.001424;0.001435;0.001437;0.001415;0.001415;0.001421;0.001432;0.001436;0.001427;0.001426;0.001421;0.001430;0.001421;0.001433;0.001432;0.001418;0.001422;0.001425;0.001432;0.001423;0.001427;0.001432;0.001420;0.001422;0.001435;0.001446;0.001423;0.001429;0.001429;0.001407;0.001424;0.001417;0.001418;0.001427;0.001426;0.001427;0.001427;0.001437;0.001450;0.001431;0.001418;0.001419;0.001418;0.001440;0.001430;0.001417;0.001451;0.001423;0.001433;0.001454;0.001425;0.001434;0.001418;0.001423;0.001428;0.001422;0.001420;0.001412;0.001428;0.001434;0.001551;0.001429;0.001412;0.001415;0.001412;0.001436;0.001441;0.001438;0.001428;0.001425;0.001426;0.001424;0.001425;0.001438;0.001451;0.001448;0.001411;0.001458;0.001425;0.001438;0.001454;0.001436;0.001414;0.001419;0.001430;0.001435;0.001423;0.001442;0.001418;0.001419;0.001417;0.001425;0.001461;0.001412;0.001451;0.001426;0.001465;0.001432;0.001422;0.001418;0.001423;0.001419;0.001415;0.001425;0.001441;0.001439;0.001411;0.001429;0.001426;0.001438;0.001415;0.001417;0.001417;0.001414;0.001426;0.001429;0.001427;0.001430;0.001412;0.001419;0.001422;0.001424;0.001427;0.001433;0.001423;0.001433;0.001479;0.001442;0.001427;0.001419;0.001419;0.001416;0.001459;0.001435;0.001427;0.001573;0.001433;0.001440;0.001415;0.001436;0.001422;0.001433;0.001414;0.001497;0.001419;0.001431;0.001428;0.001421;0.001443;0.001428;0.001428;0.001426;0.001428;0.001424;0.001461;0.001428;0.001449;0.001428;0.001407;0.001430;0.001432;0.001436;0.001415;0.001422;0.001422;0.001423;0.001417;0.001411;0.001433;0.001419;0.001422;0.001434;0.001411;0.001442;0.001422;dynamic;dynamic,12500;12500;32
400000;0.001496;0.001493;0.001498;0.001498;0.001519;0.001487;0.001509;0.001482;0.001478;0.001491;0.001484;0.001520;0.001475;0.001512;0.001491;0.001486;0.001510;0.001487;0.001483;0.001477;0.001478;0.001484;0.001491;0.001495;0.001488;0.001500;0.001489;0.001491;0.001503;0.001488;0.001503;0.001497;0.001503;0.001495;0.001478;0.001508;0.001504;0.001489;0.001479;0.001479;0.001478;0.001504;0.001503;0.001489;0.001557;0.001503;0.001483;0.001480;0.001487;0.001495;0.001474;0.001479;0.001483;0.001485;0.001500;0.001508;0.001564;0.001488;0.001490;0.001492;0.001492;0.001784;0.001505;0.001488;0.001485;0.001512;0.001584;0.001490;0.001492;0.001885;0.001574;0.001498;0.001504;0.001498;0.001492;0.001510;0.001491;0.001494;0.001496;0.001499;0.001492;0.001496;0.001513;0.001494;0.001511;0.001489;0.001493;0.001506;0.001494;0.001546;0.001480;0.001476;0.001484;0.001504;0.001504;0.001472;0.001473;0.001491;0.001495;0.001497;0.001485;0.001487;0.001491;0.001476;0.001483;0.001486;0.001494;0.001497;0.001491;0.001487;0.001499;0.001490;0.001509;0.001705;0.001486;0.001481;0.001493;0.001483;0.001882;0.001488;0.001491;0.001487;0.001490;0.001491;0.001478;0.001486;0.001868;0.001508;0.001501;0.001529;0.001493;0.001500;0.001496;0.001486;0.001492;0.001497;0.001528;0.001498;0.001499;0.001481;0.001490;0.001504;0.001495;0.001488;0.001487;0.001490;0.001495;0.001499;0.001490;0.001492;0.001495;0.001506;0.001480;0.001491;0.001498;0.001486;0.001502;0.001649;0.001502;0.001491;0.001499;0.001505;0.001498;0.001493;0.001483;0.001494;0.001499;0.001493;0.001485;0.001491;0.001486;0.001534;0.001487;0.001493;0.003710;0.001484;0.001530;0.001493;0.001492;0.001492;0.001497;0.001495;0.001495;0.001518;0.001493;0.001481;0.001494;0.001507;0.001514;0.001509;0.001479;0.001483;0.001506;0.001505;0.001484;0.001500;0.001483;0.001504;0.001512;0.001478;guided;guided,50000;50000;8
400000;0.001430;0.001419;0.001448;0.001429;0.001446;0.001476;0.001427;0.001426;0.001430;0.001423;0.001426;0.001439;0.001431;0.001420;0.001418;0.001430;0.001422;0.001431;0.001416;0.001428;0.001438;0.001414;0.001420;0.001422;0.001421;0.001427;0.001422;0.001436;0.001433;0.001428;0.001430;0.001447;0.001450;0.001416;0.001421;0.001421;0.001504;0.001425;0.001416;0.001421;0.001417;0.001423;0.001441;0.001421;0.001417;0.001427;0.001417;0.001425;0.001421;0.001428;0.001432;0.001442;0.001444;0.001427;0.001435;0.001421;0.001424;0.001658;0.001429;0.001426;0.001430;0.001430;0.001428;0.001490;0.001421;0.001429;0.001420;0.001436;0.001425;0.001419;0.001419;0.001425;0.001465;0.001432;0.001432;0.001430;0.001436;0.001431;0.001425;0.001433;0.001438;0.001437;0.001416;0.001513;0.001415;0.001426;0.001481;0.001420;0.001468;0.001432;0.001419;0.001426;0.001426;0.001442;0.001459;0.001428;0.001451;0.001428;0.001419;0.001452;0.001427;0.001455;0.001421;0.001424;0.001433;0.001427;0.001429;0.001443;0.001428;0.001454;0.001432;0.001435;0.001418;0.001419;0.001438;0.001422;0.001419;0.001425;0.001426;0.001465;0.001433;0.001424;0.001422;0.001428;0.001426;0.001428;0.001416;0.001422;0.001456;0.001425;0.001431;0.001424;0.001417;0.001448;0.001427;0.001424;0.001420;0.001425;0.001415;0.001447;0.001422;0.001419;0.001422;0.001415;0.001426;0.001427;0.001419;0.001413;0.001420;0.001428;0.001441;0.001443;0.001445;0.001434;0.001446;0.001432;0.001429;0.001436;0.001441;0.001447;0.001443;0.001433;0.001437;0.001436;0.001456;0.001437;0.001429;0.001420;0.001436;0.001457;0.001431;0.001429;0.001435;0.001425;0.001440;0.001429;0.001423;0.001429;0.001425;0.001491;0.001438;0.001433;0.001519;0.001438;0.001476;0.001461;0.001428;0.001429;0.001441;0.001445;0.001435;0.001432;0.001431;0.001434;0.001440;0.001421;0.001540;0.001419;0.001427;0.001433;guided;guided,25000;25000;16
400000;0.001522;0.001510;0.001517;0.001517;0.001524;0.001492;0.001512;0.001549;0.001510;0.001516;0.001515;0.001510;0.001507;0.001526;0.001523;0.001527;0.001519;0.001496;0.001505;0.001501;0.001492;0.001514;0.001514;0.001505;0.001514;0.001506;0.001513;0.001499;0.001511;0.001531;0.001516;0.001494;0.001520;0.001510;0.001513;0.001509;0.001514;0.001504;0.001519;0.001522;0.001516;0.001532;0.001517;0.001501;0.001501;0.001521;0.001512;0.001499;0.001536;0.001525;0.001511;0.002522;0.001529;0.001510;0.001502;0.001523;0.001517;0.001523;0.001518;0.001506;0.001504;0.001502;0.001516;0.001513;0.001518;0.001522;0.001502;0.001518;0.001497;0.001513;0.001522;0.001518;0.001517;0.001517;0.001512;0.001508;0.001517;0.001515;0.001518;0.001514;0.001504;0.001537;0.001504;0.001517;0.001535;0.001949;0.001502;0.001507;0.001524;0.001511;0.001511;0.001515;0.001743;0.001501;0.001505;0.001870;0.001520;0.001544;0.001503;0.001524;0.001516;0.001520;0.001524;0.001546;0.001517;0.001509;0.001508;0.001502;0.001540;0.001513;0.001512;0.001723;0.001529;0.001513;0.001554;0.001533;0.001517;0.001531;0.001516;0.001541;0.001506;0.001503;0.001522;0.001513;0.001516;0.001522;0.001504;0.001558;0.001504;0.001508;0.001523;0.001520;0.001516;0.001499;0.001513;0.001526;0.001503;0.001519;0.001511;0.001513;0.001520;0.001516;0.001521;0.001521;0.001507;0.001510;0.001520;0.001516;0.001518;0.001505;0.001510;0.001522;0.001511;0.001523;0.001505;0.001504;0.001518;0.001510;0.001511;0.001513;0.001503;0.001506;0.001505;0.001517;0.001523;0.001510;0.001519;0.001505;0.001512;0.001500;0.001505;0.001514;0.001514;0.001526;0.001508;0.001540;0.001506;0.001525;0.001523;0.001513;0.001513;0.001515;0.001524;0.001519;0.001503;0.001507;0.001510;0.001514;0.001504;0.001503;0.001514;0.001514;0.001514;0.001513;0.001527;0.001538;0.001957;0.001510;0.001519;0.001516;guided;guided,16666;16666;24
400000;0.001466;0.001452;0.001457;0.001530;0.001473;0.001451;0.001469;0.001467;0.001478;0.001465;0.001477;0.001500;0.001469;0.001473;0.001481;0.001473;0.001470;0.001467;0.001468;0.001483;0.001452;0.001454;0.001453;0.001477;0.001482;0.001467;0.001464;0.001484;0.001469;0.001462;0.001465;0.001456;0.001456;0.001458;0.001464;0.001467;0.001464;0.001472;0.001467;0.001482;0.001474;0.001476;0.001479;0.001452;0.001469;0.001461;0.001459;0.001456;0.001463;0.001454;0.001460;0.001454;0.001469;0.001457;0.001457;0.001474;0.001464;0.001456;0.001461;0.001481;0.001497;0.001468;0.001468;0.001456;0.001482;0.001476;0.001478;0.001499;0.001468;0.001458;0.001468;0.001460;0.001473;0.001484;0.001463;0.001472;0.001478;0.001471;0.001470;0.001459;0.001466;0.001479;0.001485;0.001484;0.001460;0.001554;0.001829;0.001466;0.001468;0.001492;0.001458;0.001452;0.001468;0.001460;0.001465;0.001465;0.001455;0.001473;0.001471;0.001474;0.001460;0.001463;0.001471;0.001468;0.001461;0.001471;0.001489;0.001461;0.001477;0.001461;0.001478;0.001457;0.001482;0.001467;0.001467;0.001468;0.001463;0.001466;0.001474;0.001486;0.001458;0.001460;0.001474;0.001480;0.001462;0.001471;0.001464;0.001471;0.001458;0.001475;0.001472;0.001499;0.001454;0.001476;0.001466;0.001483;0.001466;0.001459;0.001474;0.001470;0.001472;0.001468;0.001479;0.001467;0.001468;0.001471;0.001464;0.001464;0.001463;0.001455;0.001463;0.001467;0.001920;0.001479;0.001468;0.001462;0.001472;0.001475;0.001462;0.001462;0.001467;0.001480;0.001472;0.001458;0.001457;0.001778;0.001465;0.001475;0.001475;0.001474;0.001461;0.001462;0.001461;0.001465;0.001479;0.001471;0.001460;0.001470;0.001466;0.001468;0.001483;0.001464;0.001467;0.001487;0.001453;0.001480;0.001464;0.001459;0.001483;0.001465;0.001478;0.001467;0.001465;0.001457;0.001478;0.001481;0.001469;0.001467;0.001474;0.001887;guided;guided,12500;12500;32
500000;0.006435;0.006397;0.006396;0.006415;0.006403;0.006434;0.006405;0.006397;0.006423;0.006396;0.006398;0.006421;0.006446;0.006385;0.006413;0.006376;0.006407;0.006381;0.006412;0.006363;0.006418;0.006413;0.006415;0.006411;0.006413;0.006401;0.006394;0.006395;0.006406;0.006382;0.006405;0.006423;0.006426;0.006381;0.006406;0.006423;0.006391;0.006411;0.006417;0.006378;0.006695;0.006636;0.006393;0.006387;0.006420;0.006394;0.006389;0.006391;0.006412;0.006391;0.006387;0.006378;0.006400;0.006455;0.006393;0.006390;0.006423;0.006404;0.006407;0.006407;0.006384;0.006399;0.006385;0.006380;0.006404;0.006410;0.006410;0.006409;0.006386;0.006400;0.006403;0.006450;0.006395;0.006402;0.006405;0.006395;0.006392;0.006408;0.006393;0.006412;0.006416;0.006421;0.007547;0.006399;0.006403;0.006385;0.006405;0.006408;0.006396;0.006399;0.006413;0.006416;0.006403;0.006374;0.006399;0.006397;0.006401;0.006410;0.006381;0.006400;0.006398;0.006395;0.006393;0.006394;0.006405;0.006419;0.006384;0.006413;0.006384;0.006416;0.006395;0.006399;0.006397;0.006388;0.006388;0.006432;0.006436;0.006390;0.006409;0.006433;0.006443;0.006388;0.006391;0.006396;0.006390;0.006403;0.006383;0.006395;0.006421;0.006413;0.006412;0.006387;0.006406;0.006440;0.006408;0.006396;0.006418;0.006404;0.006396;0.006386;0.006430;0.006414;0.006400;0.006403;0.006390;0.006412;0.006418;0.006392;0.006405;0.006407;0.006419;0.006435;0.006420;0.006402;0.006403;0.006388;0.006407;0.006402;0.006439;0.007375;0.006440;0.006423;0.006393;0.006395;0.006402;0.006386;0.006429;0.006395;0.007913;0.006410;0.006420;0.006420;0.006400;0.006384;0.006410;0.006445;0.006404;0.006399;0.006430;0.006416;0.006384;0.006391;0.006382;0.006406;0.006419;0.006403;0.006413;0.006383;0.006431;0.006402;0.006396;0.007912;0.006399;0.006391;0.006391;0.006385;0.006393;0.006421;0.006403;0.006392;seq;seq;0;0
500000;0.001738;0.001737;0.001735;0.001765;0.001738;0.001739;0.001770;0.001735;0.001740;0.001730;0.001759;0.001770;0.001746;0.001776;0.001748;0.001747;0.001733;0.001734;0.001776;0.001733;0.001719;0.001736;0.001771;0.001724;0.001720;0.001765;0.001714;0.001731;0.004696;0.001731;0.001750;0.001723;0.001737;0.001742;0.001730;0.001723;0.001717;0.001726;0.001756;0.001739;0.001776;0.001738;0.001768;0.001774;0.001740;0.001739;0.001728;0.001770;0.001721;0.001723;0.001728;0.001751;0.001728;0.001727;0.001768;0.001736;0.001725;0.001728;0.001759;0.001747;0.001734;0.001731;0.001724;0.001736;0.001733;0.001713;0.001744;0.001723;0.001751;0.001718;0.001725;0.001720;0.001723;0.001719;0.001735;0.001721;0.001732;0.001731;0.001715;0.001719;0.001737;0.001722;0.001761;0.001726;0.001751;0.001741;0.001738;0.001730;0.001743;0.001736;0.001740;0.001721;0.001723;0.001766;0.001765;0.001738;0.001728;0.001733;0.001733;0.001711;0.001726;0.001744;0.001738;0.001726;0.001722;0.001743;0.001744;0.001728;0.001744;0.001739;0.001724;0.001738;0.001768;0.001734;0.001729;0.001729;0.001742;0.001717;0.001725;0.001727;0.001733;0.001726;0.001729;0.001750;0.001768;0.001717;0.001742;0.001720;0.001729;0.001749;0.001720;0.001728;0.001716;0.001730;0.001725;0.001724;0.001733;0.001725;0.001725;0.001738;0.001761;0.001729;0.001772;0.001726;0.001732;0.001726;0.001718;0.001718;0.001731;0.001732;0.001740;0.001740;0.001761;0.001719;0.001748;0.001737;0.001751;0.001725;0.001731;0.001731;0.001729;0.001723;0.001749;0.001727;0.001726;0.001727;0.001734;0.001722;0.001738;0.001731;0.001732;0.001750;0.001756;0.001756;0.001727;0.001730;0.001745;0.001787;0.001904;0.001722;0.001737;0.001740;0.001766;0.001738;0.002026;0.001727;0.001752;0.001735;0.001744;0.001723;0.001730;0.001786;0.001729;0.001759;0.001734;0.001718;0.001982;0.001727;0.001773;0.001731;auto;auto;0;0
500000;0.004838;0.004836;0.004832;0.004819;0.004848;0.004824;0.004835;0.004847;0.004841;0.004881;0.004833;0.004846;0.004823;0.004857;0.004824;0.004846;0.004850;0.004857;0.004852;0.004817;0.004862;0.004830;0.004844;0.004821;0.004823;0.004827;0.004829;0.004825;0.004836;0.004844;0.004851;0.004842;0.004832;0.004863;0.004852;0.004828;0.004836;0.004829;0.004837;0.004856;0.004837;0.004835;0.004842;0.004859;0.004839;0.004830;0.004830;0.004847;0.004841;0.004841;0.004839;0.004840;0.004846;0.004847;0.004831;0.004838;0.004839;0.004849;0.004829;0.004828;0.004864;0.004839;0.004839;0.004845;0.004841;0.004864;0.004820;0.004823;0.004845;0.004848;0.004864;0.004833;0.004856;0.004836;0.004814;0.004842;0.004835;0.004836;0.004821;0.004841;0.004851;0.004836;0.004840;0.004836;0.004855;0.004843;0.004839;0.004852;0.004854;0.004849;0.004823;0.004833;0.004876;0.004835;0.004829;0.004855;0.004847;0.004849;0.004844;0.004844;0.004862;0.004858;0.004861;0.004835;0.004836;0.004837;0.005777;0.004823;0.004822;0.004880;0.004832;0.004839;0.004828;0.004843;0.004818;0.004837;0.004832;0.004833;0.004821;0.004834;0.004840;0.004839;0.004827;0.004854;0.004837;0.004828;0.004846;0.004840;0.004849;0.004840;0.004848;0.004833;0.004839;0.004846;0.004843;0.004843;0.004847;0.004845;0.004833;0.004844;0.004856;0.004836;0.004828;0.004866;0.004840;0.004856;0.004832;0.004851;0.004840;0.004844;0.004842;0.004835;0.004840;0.004861;0.004823;0.004840;0.004842;0.004839;0.004840;0.004833;0.004823;0.004851;0.004830;0.004857;0.004841;0.004833;0.004829;0.004852;0.004857;0.004836;0.004829;0.004836;0.004852;0.004831;0.004822;0.004835;0.004852;0.004819;0.004836;0.004839;0.004912;0.004844;0.004830;0.004931;0.004829;0.004853;0.004882;0.004826;0.004851;0.004846;0.004844;0.004848;0.004866;0.004856;0.004830;0.004832;0.004861;0.004826;0.004839;0.004854;static;static,1;1;0
500000;0.023779;0.022645;0.023530;0.023508;0.023480;0.022680;0.023480;0.023497;0.024433;0.023571;0.022739;0.022678;0.023542;0.021534;0.023490;0.023577;0.023710;0.021527;0.021522;0.023798;0.022845;0.023594;0.023841;0.023518;0.023554;0.024494;0.022675;0.023821;0.023792;0.021524;0.024471;0.023754;0.023510;0.023559;0.022668;0.024546;0.021536;0.023786;0.023757;0.023528;0.021506;0.023480;0.023773;0.023428;0.021494;0.023832;0.023757;0.024468;0.023796;0.024477;0.024444;0.024474;0.023773;0.021544;0.023521;0.023742;0.024479;0.022752;0.023542;0.021541;0.021527;0.023554;0.024444;0.023558;0.023476;0.021782;0.023494;0.023515;0.023509;0.023921;0.022719;0.023558;0.022694;0.023526;0.023500;0.023538;0.023458;0.023485;0.023527;0.024483;0.023785;0.023766;0.023767;0.023482;0.023523;0.023743;0.022713;0.022638;0.023563;0.023578;0.023476;0.021477;0.023511;0.022637;0.022645;0.021486;0.022684;0.023466;0.024499;0.023566;0.021511;0.022667;0.022700;0.021524;0.023475;0.022678;0.022699;0.023446;0.023550;0.023782;0.022700;0.023535;0.022659;0.023770;0.023775;0.024437;0.024452;0.023488;0.023775;0.022692;0.024517;0.023546;0.023850;0.023534;0.023755;0.023579;0.021512;0.023486;0.023797;0.021531;0.022726;0.022702;0.023485;0.022752;0.023779;0.023514;0.022685;0.022721;0.024445;0.023781;0.023778;0.023544;0.021543;0.023825;0.022694;0.023487;0.023493;0.022716;0.024451;0.023545;0.023825;0.023560;0.023900;0.021542;0.023759;0.023530;0.021548;0.023515;0.023582;0.022718;0.023478;0.023585;0.023522;0.024446;0.024483;0.024466;0.024477;0.023782;0.023499;0.023523;0.024473;0.023576;0.023519;0.023521;0.023544;0.024452;0.022824;0.023780;0.023461;0.023522;0.022804;0.021551;0.023720;0.023748;0.024451;0.022673;0.023768;0.024485;0.023735;0.021545;0.023588;0.022729;0.022675;0.023528;0.021551;0.023506;0.023532;0.024449;0.023824;0.023418;dynamic;dynamic,1;1;0
500000;0.001725;0.001744;0.001737;0.001726;0.001737;0.001728;0.001732;0.001728;0.001744;0.001740;0.001722;0.001744;0.001731;0.001734;0.001767;0.001724;0.001724;0.001719;0.001744;0.001721;0.001742;0.001736;0.001747;0.001726;0.001722;0.001736;0.001726;0.001732;0.001909;0.001734;0.001739;0.001735;0.001770;0.001740;0.001742;0.001735;0.001746;0.001720;0.001736;0.001752;0.001730;0.001744;0.001749;0.001722;0.001728;0.001720;0.001735;0.001732;0.001721;0.001724;0.001735;0.001739;0.001737;0.001717;0.001733;0.001722;0.001745;0.001724;0.001750;0.001777;0.001726;0.001748;0.001747;0.001952;0.001732;0.001750;0.001754;0.001763;0.001733;0.001734;0.001729;0.001745;0.001734;0.001733;0.001746;0.001810;0.001736;0.001725;0.001734;0.001743;0.001740;0.001746;0.001732;0.001741;0.001729;0.001736;0.001742;0.001733;0.001718;0.001733;0.001861;0.001745;0.001730;0.001729;0.001750;0.001744;0.001750;0.001906;0.001731;0.001731;0.001741;0.001717;0.001730;0.001740;0.001734;0.001725;0.001739;0.001732;0.001752;0.001717;0.001752;0.001757;0.001740;0.001729;0.001723;0.001777;0.001725;0.001734;0.001744;0.001729;0.001731;0.001733;0.001736;0.001731;0.001754;0.001747;0.001720;0.001732;0.001731;0.001739;0.001724;0.001741;0.001752;0.001729;0.001747;0.001728;0.001714;0.001733;0.001728;0.001733;0.001751;0.001738;0.001738;0.001724;0.001737;0.001748;0.001734;0.001731;0.001746;0.001721;0.001736;0.001734;0.001749;0.003350;0.001745;0.001958;0.001731;0.001747;0.001738;0.001736;0.001738;0.001747;0.001731;0.001727;0.001723;0.001729;0.001733;0.001759;0.001732;0.001736;0.001737;0.001749;0.001730;0.001734;0.001749;0.001717;0.001732;0.001738;0.002139;0.001738;0.001787;0.001730;0.001738;0.001746;0.001719;0.001728;0.001743;0.001759;0.001731;0.001730;0.001734;0.001738;0.001745;0.001731;0.001723;0.001731;0.001729;0.001728;0.001735;0.001734;guided;guided,1;1;0
500000;0.001741;0.001730;0.001720;0.001748;0.001738;0.001724;0.001727;0.001719;0.001725;0.001719;0.001778;0.001737;0.001741;0.001745;0.001731;0.001741;0.001743;0.001723;0.001729;0.001757;0.001726;0.001726;0.001745;0.001736;0.001737;0.001939;0.001731;0.001726;0.001723;0.001727;0.001741;0.001726;0.001785;0.001749;0.001763;0.001724;0.001748;0.001740;0.001732;0.001722;0.001714;0.001729;0.001730;0.001751;0.001736;0.001732;0.001759;0.001749;0.001727;0.001729;0.001788;0.001732;0.001734;0.001728;0.001729;0.001729;0.002031;0.001731;0.001779;0.001730;0.001721;0.001730;0.001742;0.001733;0.001722;0.001738;0.001727;0.001735;0.001737;0.001751;0.001728;0.001779;0.001750;0.001744;0.001723;0.001738;0.001733;0.001741;0.001747;0.001720;0.001748;0.001753;0.001746;0.001729;0.001931;0.001714;0.001777;0.001736;0.001755;0.001719;0.001765;0.001747;0.001729;0.001724;0.001734;0.001727;0.001717;0.001729;0.001733;0.001768;0.001733;0.001772;0.001716;0.001729;0.001731;0.001716;0.001728;0.001739;0.001728;0.001730;0.001760;0.001757;0.001744;0.001776;0.001722;0.001776;0.001727;0.001733;0.001725;0.001737;0.001750;0.001820;0.001734;0.001728;0.001746;0.001723;0.001759;0.001736;0.001746;0.001726;0.001734;0.001743;0.001724;0.001733;0.001724;0.001726;0.001759;0.001739;0.001730;0.001734;0.001725;0.001717;0.001728;0.001733;0.001730;0.001728;0.001801;0.001730;0.001721;0.001732;0.001734;0.001738;0.001723;0.001773;0.001726;0.001722;0.001723;0.001732;0.004892;0.001721;0.001735;0.001758;0.001763;0.001739;0.001735;0.001762;0.001730;0.001787;0.001740;0.001733;0.001734;0.001729;0.001732;0.001741;0.001723;0.001738;0.001734;0.001761;0.001767;0.001732;0.001770;0.001745;0.001737;0.001739;0.001733;0.001728;0.001716;0.001746;0.001725;0.001774;0.001724;0.001738;0.001728;0.001750;0.001746;0.001756;0.001716;0.001784;0.001734;0.001773;static;static,62500;62500;8
500000;0.001743;0.001729;0.001770;0.001735;0.001785;0.001754;0.001734;0.001739;0.001741;0.001766;0.001746;0.001741;0.001793;0.001720;0.001740;0.001732;0.001789;0.001728;0.001747;0.001736;0.001763;0.001739;0.001744;0.001744;0.001733;0.001734;0.001744;0.001737;0.001720;0.001750;0.001734;0.001755;0.001745;0.001724;0.001731;0.001735;0.003437;0.001737;0.001751;0.001730;0.001735;0.001748;0.001731;0.001739;0.001726;0.001749;0.001753;0.001733;0.001737;0.001748;0.001734;0.001735;0.001735;0.001730;0.001726;0.001734;0.001739;0.001747;0.001726;0.001734;0.001790;0.001738;0.001747;0.001735;0.001740;0.001735;0.001738;0.001729;0.001729;0.001758;0.001884;0.001759;0.001744;0.001742;0.001754;0.001737;0.001739;0.001740;0.001740;0.001742;0.001719;0.001746;0.001756;0.001726;0.001732;0.001745;0.001732;0.001771;0.001773;0.001743;0.001728;0.001731;0.001744;0.001735;0.001743;0.001724;0.001747;0.001873;0.001738;0.001731;0.001746;0.001743;0.001733;0.001734;0.001725;0.001746;0.001730;0.001737;0.001766;0.001739;0.001743;0.001724;0.001739;0.001782;0.001744;0.001735;0.001720;0.001733;0.001757;0.001722;0.001731;0.001743;0.001726;0.001747;0.001741;0.001744;0.001735;0.001733;0.001736;0.001746;0.001737;0.001724;0.001755;0.001728;0.001726;0.001735;0.001730;0.001754;0.001733;0.001734;0.001751;0.001728;0.001753;0.001732;0.001728;0.001732;0.001735;0.001746;0.001751;0.001759;0.001722;0.001749;0.001748;0.001722;0.001737;0.001734;0.001757;0.001716;0.001733;0.001738;0.001738;0.001728;0.001729;0.001747;0.001755;0.001739;0.001743;0.001756;0.001760;0.001740;0.001734;0.001742;0.001730;0.002029;0.001735;0.001751;0.001765;0.001717;0.001762;0.001742;0.001731;0.001735;0.001738;0.001758;0.001740;0.001747;0.001776;0.001758;0.001731;0.001734;0.001726;0.001765;0.001743;0.001742;0.001728;0.001766;0.001741;0.001787;0.001725;0.001783;static;static,31250;31250;16
500000;0.001728;0.001751;0.001743;0.001726;0.001731;0.001771;0.001734;0.001879;0.001739;0.001736;0.001732;0.001896;0.001730;0.001749;0.001741;0.001747;0.001771;0.001718;0.001760;0.001738;0.001736;0.001747;0.001746;0.001739;0.001729;0.001739;0.001735;0.001733;0.001790;0.001745;0.001752;0.001742;0.001726;0.001731;0.001741;0.001725;0.001743;0.001745;0.001727;0.001850;0.001728;0.001741;0.001732;0.001730;0.001739;0.001787;0.001773;0.001726;0.001762;0.001724;0.001748;0.001727;0.001742;0.001736;0.001738;0.001746;0.001734;0.001746;0.001728;0.001744;0.001731;0.001750;0.001767;0.001722;0.001726;0.001748;0.001727;0.001790;0.001720;0.001768;0.001731;0.001745;0.001747;0.001716;0.001758;0.001728;0.001736;0.001755;0.001729;0.001766;0.001731;0.001738;0.001771;0.001740;0.001719;0.001748;0.001736;0.001737;0.001721;0.001720;0.001771;0.001738;0.001867;0.001746;0.001742;0.001731;0.001765;0.001743;0.001744;0.001884;0.001720;0.001756;0.001740;0.001740;0.001724;0.001768;0.001751;0.001760;0.001731;0.001747;0.001736;0.001748;0.001736;0.001736;0.001745;0.001721;0.001733;0.001740;0.001736;0.001724;0.001731;0.001740;0.001732;0.001734;0.001717;0.001772;0.001887;0.001732;0.002026;0.001735;0.001722;0.001745;0.001732;0.001798;0.001759;0.001774;0.001743;0.001720;0.001731;0.001735;0.001740;0.001745;0.001724;0.001731;0.001774;0.001767;0.001716;0.001734;0.001737;0.001743;0.001726;0.001778;0.001750;0.001749;0.001729;0.004523;0.001725;0.001731;0.001749;0.001736;0.001761;0.001742;0.001730;0.001740;0.001738;0.001727;0.001739;0.001734;0.001739;0.001745;0.001722;0.001775;0.001735;0.001748;0.001723;0.001738;0.001737;0.001741;0.001725;0.001739;0.001774;0.001732;0.001726;0.001771;0.001736;0.001758;0.001735;0.001782;0.001721;0.001733;0.001778;0.001722;0.001763;0.001730;0.001741;0.001742;0.001738;0.001742;0.001750;0.001733;static;static,20833;20833;24
500000;0.001752;0.001749;0.001740;0.001780;0.001742;0.001732;0.001757;0.001733;0.001746;0.001748;0.001749;0.001768;0.001734;0.001759;0.001765;0.001775;0.001767;0.001765;0.001747;0.001752;0.001744;0.001781;0.001754;0.001759;0.001738;0.001748;0.001752;0.001746;0.001751;0.001759;0.001730;0.001765;0.001760;0.001730;0.001750;0.001752;0.001787;0.001742;0.005142;0.001745;0.001772;0.001743;0.001747;0.001772;0.001751;0.001786;0.001730;0.001756;0.001761;0.001743;0.001786;0.001750;0.001746;0.001755;0.001740;0.001744;0.001776;0.001751;0.001744;0.001735;0.001745;0.001756;0.001748;0.001743;0.001758;0.001747;0.001747;0.001757;0.001732;0.001742;0.001758;0.001733;0.001744;0.001743;0.001737;0.001752;0.001753;0.001772;0.001740;0.001757;0.001777;0.001741;0.001744;0.001750;0.001732;0.001751;0.001763;0.001769;0.001748;0.001753;0.001730;0.001752;0.001760;0.001789;0.001760;0.001744;0.001745;0.001734;0.001754;0.001744;0.001800;0.001748;0.001883;0.001746;0.001745;0.001748;0.001800;0.001750;0.001744;0.001745;0.001785;0.001746;0.001777;0.001754;0.001751;0.001733;0.001744;0.001772;0.001749;0.001773;0.001745;0.001760;0.001736;0.001747;0.001754;0.001744;0.001733;0.001742;0.001758;0.001764;0.001727;0.001748;0.001890;0.001789;0.001749;0.001747;0.001753;0.001747;0.001756;0.001754;0.001793;0.001738;0.001742;0.001748;0.001763;0.001782;0.001736;0.001741;0.001748;0.001745;0.001744;0.001761;0.001780;0.001756;0.001851;0.001729;0.001784;0.001739;0.001747;0.001753;0.001752;0.001787;0.001734;0.001748;0.001754;0.001793;0.001743;0.001742;0.001744;0.001732;0.001751;0.001879;0.001740;0.001745;0.001740;0.001874;0.001769;0.001746;0.001741;0.001748;0.001748;0.001735;0.001745;0.001745;0.001747;0.001742;0.001747;0.001767;0.001755;0.001744;0.001765;0.001745;0.001742;0.001773;0.001736;0.001777;0.001751;0.001761;0.001754;0.001752;static;static,15625;15625;32
500000;0.001729;0.001768;0.001939;0.001736;0.001758;0.001761;0.001723;0.001734;0.001751;0.001759;0.001736;0.001722;0.001725;0.001747;0.001732;0.001731;0.001745;0.001884;0.001965;0.001772;0.001733;0.001733;0.001744;0.001720;0.001733;0.001729;0.001760;0.001729;0.001727;0.001739;0.001725;0.001727;0.001775;0.001736;0.001739;0.001731;0.001766;0.001720;0.001734;0.001737;0.001731;0.001728;0.001725;0.001729;0.001730;0.001743;0.001727;0.001742;0.001750;0.001718;0.001733;0.002316;0.001732;0.001730;0.001743;0.001776;0.001761;0.001718;0.001738;0.001772;0.001724;0.001729;0.001749;0.001726;0.001727;0.001750;0.001734;0.001717;0.001737;0.001778;0.001715;0.001733;0.001746;0.001850;0.001755;0.001721;0.001739;0.001747;0.001780;0.001733;0.001727;0.001727;0.001746;0.001727;0.001743;0.001728;0.001716;0.001740;0.001761;0.001768;0.001755;0.001749;0.001726;0.001742;0.001848;0.001738;0.001738;0.001738;0.001743;0.001839;0.001771;0.001724;0.001808;0.001734;0.001737;0.001727;0.001753;0.001727;0.001736;0.001733;0.001740;0.001724;0.001745;0.001752;0.001717;0.001735;0.001740;0.001737;0.001725;0.001736;0.001736;0.001739;0.001734;0.001717;0.001764;0.001735;0.001771;0.001791;0.001727;0.001779;0.001748;0.002179;0.001737;0.001771;0.001730;0.001760;0.001729;0.001727;0.001733;0.001743;0.001754;0.001744;0.001735;0.001746;0.001735;0.001745;0.001733;0.001735;0.001724;0.001743;0.001732;0.001740;0.001733;0.001752;0.001730;0.001745;0.001760;0.001738;0.001736;0.001726;0.001744;0.001728;0.001733;0.001763;0.001733;0.001740;0.001727;0.001737;0.001741;0.001728;0.001747;0.001744;0.001754;0.001738;0.001756;0.001728;0.001733;0.001760;0.001723;0.001786;0.001721;0.001758;0.001736;0.001746;0.001736;0.001724;0.001768;0.001772;0.001730;0.001735;0.001728;0.001719;0.001781;0.001731;0.001731;0.001781;0.001723;0.001732;0.001729;0.001722;dynamic;dynamic,62500;62500;8
500000;0.001727;0.001728;0.001750;0.001747;0.001742;0.001766;0.001743;0.001740;0.001725;0.001739;0.001731;0.001748;0.001744;0.001737;0.001732;0.001742;0.001736;0.001757;0.001735;0.001749;0.001740;0.001733;0.001740;0.001742;0.001745;0.001813;0.001735;0.001786;0.001785;0.001735;0.001751;0.001743;0.001736;0.001785;0.001730;0.001741;0.001748;0.001725;0.001738;0.001739;0.001734;0.001739;0.001752;0.001730;0.001743;0.001768;0.001773;0.001782;0.001746;0.001745;0.001748;0.001732;0.001739;0.001729;0.001747;0.001746;0.001747;0.001766;0.001747;0.001739;0.001725;0.001741;0.001759;0.001725;0.001743;0.001734;0.001732;0.001741;0.001737;0.001739;0.001733;0.001758;0.001759;0.001735;0.001742;0.001723;0.001737;0.001735;0.001738;0.001730;0.001759;0.001726;0.001727;0.001731;0.001742;0.001754;0.001736;0.001777;0.001733;0.001752;0.001736;0.001791;0.001767;0.001752;0.001748;0.001746;0.001735;0.001748;0.001746;0.001728;0.001756;0.001734;0.001751;0.001732;0.001740;0.001758;0.001732;0.001739;0.001724;0.001742;0.001749;0.001725;0.001745;0.001743;0.001740;0.001774;0.001749;0.001728;0.001800;0.001738;0.001741;0.001735;0.001737;0.001794;0.001750;0.001746;0.001744;0.001783;0.001789;0.001731;0.001756;0.001749;0.001751;0.002202;0.001746;0.001777;0.001745;0.001726;0.001726;0.001739;0.001725;0.001756;0.001729;0.001737;0.001754;0.001735;0.001782;0.001759;0.001765;0.001742;0.001743;0.001745;0.001746;0.001744;0.001728;0.001747;0.001732;0.001788;0.002044;0.001730;0.001728;0.001737;0.001763;0.001740;0.001752;0.001739;0.001741;0.001742;0.001734;0.001904;0.001752;0.001732;0.001732;0.001734;0.001743;0.001740;0.001737;0.001739;0.001756;0.001727;0.001744;0.001746;0.001729;0.001743;0.001771;0.001729;0.001985;0.001734;0.001741;0.001904;0.001730;0.001790;0.001752;0.001732;0.001739;0.001737;0.001739;0.001731;0.001737;0.001761;dynamic;dynamic,31250;31250;16
500000;0.001747;0.001727;0.001740;0.001740;0.001732;0.001754;0.001821;0.001754;0.001723;0.001759;0.001734;0.001735;0.001733;0.001739;0.001735;0.001760;0.001732;0.001749;0.001740;0.001749;0.001775;0.001735;0.001769;0.001748;0.001787;0.001739;0.001738;0.001742;0.001754;0.001740;0.001761;0.001727;0.001742;0.001733;0.001725;0.001735;0.001753;0.001775;0.001728;0.001731;0.001748;0.001756;0.001771;0.001735;0.001758;0.001734;0.001745;0.001785;0.001723;0.001751;0.001738;0.001738;0.001742;0.001739;0.001727;0.001756;0.003904;0.001750;0.001751;0.001723;0.001737;0.001754;0.001758;0.001718;0.001736;0.001739;0.001740;0.001803;0.001778;0.001746;0.001748;0.001727;0.001741;0.001763;0.001732;0.001732;0.001746;0.001735;0.001739;0.001739;0.001782;0.001739;0.001776;0.001755;0.001726;0.001736;0.001732;0.001735;0.001748;0.002041;0.001728;0.001779;0.001722;0.001733;0.001770;0.001732;0.001742;0.001742;0.001731;0.001738;0.001727;0.001735;0.001742;0.001770;0.001729;0.001739;0.001722;0.001790;0.001743;0.001737;0.001739;0.001735;0.001731;0.001732;0.001737;0.001738;0.001720;0.001733;0.001739;0.001735;0.001779;0.001736;0.001760;0.001732;0.001771;0.001737;0.001734;0.001727;0.001746;0.001744;0.001736;0.001723;0.001760;0.001741;0.003504;0.001750;0.001746;0.001735;0.001773;0.001731;0.001732;0.001733;0.001740;0.001737;0.001748;0.001738;0.001722;0.001717;0.001746;0.001734;0.001738;0.001720;0.001752;0.001744;0.001767;0.001743;0.001849;0.001753;0.001739;0.001720;0.001740;0.001748;0.001728;0.001784;0.001732;0.001729;0.001732;0.001732;0.001756;0.001741;0.001731;0.001729;0.001734;0.001737;0.001736;0.001749;0.001780;0.001733;0.001732;0.001764;0.001973;0.001734;0.001719;0.001736;0.001736;0.001731;0.001742;0.001751;0.001733;0.001730;0.001734;0.001730;0.001734;0.001737;0.001755;0.001736;0.001758;0.001732;0.001727;0.001731;dynamic;dynamic,20833;20833;24
500000;0.001768;0.001753;0.001764;0.001883;0.001739;0.001745;0.001746;0.001752;0.001744;0.001747;0.001741;0.001752;0.001775;0.001762;0.001750;0.001750;0.001745;0.001750;0.001797;0.001826;0.001752;0.001746;0.001790;0.001739;0.001782;0.001767;0.001765;0.001747;0.001739;0.001775;0.001743;0.001749;0.001774;0.001738;0.001746;0.001824;0.001743;0.001768;0.001771;0.001768;0.001759;0.001777;0.001727;0.001845;0.001755;0.001778;0.001774;0.001776;0.001753;0.001759;0.001758;0.001780;0.001763;0.001790;0.001749;0.001758;0.001737;0.001746;0.001733;0.001755;0.001744;0.001793;0.001755;0.001740;0.001771;0.001803;0.001768;0.001744;0.001747;0.001748;0.001769;0.001780;0.001737;0.001751;0.001733;0.001749;0.001822;0.001772;0.001745;0.001743;0.001732;0.001755;0.001748;0.001751;0.001767;0.001742;0.001735;0.001844;0.001749;0.001755;0.002009;0.001770;0.001787;0.001755;0.001760;0.001756;0.001752;0.001758;0.001807;0.001753;0.001740;0.001746;0.001748;0.001770;0.001758;0.001739;0.001831;0.001764;0.001743;0.001756;0.001758;0.001753;0.001760;0.001756;0.001744;0.001768;0.001768;0.001827;0.001751;0.001760;0.001817;0.001810;0.001755;0.001734;0.001773;0.001745;0.001746;0.001766;0.001759;0.001740;0.001756;0.001813;0.001739;0.001764;0.001751;0.001749;0.001802;0.001763;0.001744;0.001732;0.001747;0.001768;0.001742;0.001748;0.001794;0.001746;0.001749;0.001753;0.001750;0.001754;0.001746;0.001749;0.001756;0.001748;0.001731;0.001750;0.001759;0.001752;0.001776;0.001732;0.001757;0.001739;0.002177;0.001751;0.001762;0.001791;0.001754;0.001756;0.001733;0.001738;0.001767;0.001744;0.001769;0.001734;0.001793;0.001795;0.001747;0.001752;0.001756;0.001745;0.001750;0.001746;0.001747;0.001736;0.001774;0.001767;0.001751;0.001742;0.001748;0.001768;0.001747;0.001750;0.001736;0.001795;0.001753;0.001748;0.001744;0.001743;0.001745;0.001752;dynamic;dynamic,15625;15625;32
500000;0.001819;0.001826;0.001822;0.001845;0.001825;0.001825;0.001817;0.001825;0.001827;0.001824;0.001828;0.001826;0.001833;0.001825;0.001821;0.001837;0.001838;0.001835;0.001862;0.001824;0.001829;0.001832;0.002305;0.001830;0.001854;0.001821;0.001823;0.001824;0.001828;0.001824;0.001838;0.001834;0.001824;0.001871;0.001845;0.001834;0.001825;0.001862;0.001839;0.001837;0.001838;0.001834;0.001826;0.001854;0.001825;0.001833;0.001834;0.001827;0.001829;0.001826;0.001818;0.001817;0.001829;0.001829;0.001838;0.001830;0.001828;0.001842;0.001823;0.001816;0.007093;0.007554;0.007114;0.008834;0.007132;0.007073;0.003822;0.003118;0.008825;0.007097;0.004166;0.002734;0.001999;0.005261;0.001836;0.001834;0.001843;0.001822;0.001839;0.001834;0.001830;0.001839;0.001816;0.001817;0.001821;0.001822;0.001831;0.001822;0.001841;0.001820;0.001832;0.001865;0.001834;0.001839;0.001807;0.001830;0.001834;0.001867;0.001832;0.001840;0.001838;0.001836;0.001805;0.001847;0.001823;0.001828;0.001837;0.001814;0.001826;0.001841;0.001823;0.001843;0.001833;0.001829;0.001854;0.001805;0.001828;0.001841;0.001824;0.002059;0.001828;0.001821;0.001829;0.001824;0.001830;0.001843;0.001838;0.001827;0.001820;0.001830;0.001838;0.001826;0.001826;0.001829;0.001826;0.001836;0.001838;0.001820;0.001816;0.002271;0.001832;0.001828;0.001825;0.001822;0.001825;0.001836;0.001823;0.001830;0.001864;0.001820;0.001826;0.001824;0.001814;0.001832;0.001823;0.001827;0.001806;0.001816;0.001830;0.001830;0.001819;0.001873;0.001837;0.001829;0.001823;0.001836;0.001823;0.001820;0.001828;0.001821;0.001841;0.001837;0.001821;0.001817;0.001832;0.001838;0.001841;0.001823;0.001846;0.001821;0.001833;0.001874;0.001827;0.001841;0.001844;0.001836;0.001847;0.001837;0.001808;0.001827;0.001825;0.001827;0.001825;0.001822;0.001823;0.001829;0.001831;0.001840;0.001832;0.001825;guided;guided,62500;62500;8
500000;0.001733;0.001755;0.001742;0.001794;0.001954;0.001751;0.001757;0.001770;0.001741;0.001749;0.001754;0.001758;0.001756;0.001741;0.001758;0.001752;0.001736;0.001748;0.001740;0.001757;0.001752;0.001741;0.001764;0.001746;0.001750;0.001777;0.001762;0.001758;0.001755;0.001786;0.001753;0.001761;0.001772;0.001748;0.001752;0.001738;0.001745;0.001742;0.001748;0.001761;0.001750;0.001768;0.001747;0.001764;0.001762;0.001743;0.001761;0.001757;0.001770;0.001776;0.001734;0.001739;0.001733;0.001751;0.001752;0.001761;0.001756;0.001749;0.001767;0.001744;0.001745;0.001762;0.001733;0.001760;0.001744;0.002036;0.001766;0.001751;0.001763;0.001775;0.001738;0.001765;0.001756;0.001777;0.001785;0.001742;0.001741;0.001753;0.001762;0.001768;0.001745;0.001754;0.001761;0.001768;0.001807;0.001744;0.001747;0.001741;0.001744;0.001789;0.001867;0.001738;0.001761;0.001738;0.001754;0.001759;0.001760;0.001747;0.001733;0.001751;0.002012;0.001757;0.001753;0.001750;0.001741;0.001767;0.001761;0.001734;0.001749;0.001769;0.001755;0.001753;0.001757;0.001747;0.001735;0.001754;0.001751;0.001755;0.001768;0.001745;0.001737;0.001744;0.002168;0.001769;0.001745;0.001738;0.001771;0.001763;0.001754;0.001758;0.001745;0.001747;0.001745;0.001742;0.001757;0.001763;0.001760;0.001751;0.001789;0.001742;0.001759;0.001745;0.001751;0.001760;0.001744;0.001739;0.001742;0.001740;0.001752;0.001750;0.001750;0.001745;0.001748;0.002014;0.001744;0.001753;0.001751;0.001735;0.001769;0.001771;0.001776;0.001752;0.001750;0.001777;0.001753;0.001742;0.001780;0.001749;0.001743;0.001744;0.001770;0.002188;0.001767;0.001747;0.001755;0.001756;0.001765;0.001742;0.001750;0.001787;0.001749;0.001776;0.001761;0.001733;0.001748;0.001750;0.001777;0.001737;0.001759;0.001761;0.001746;0.001737;0.001765;0.001746;0.001761;0.001740;0.001735;0.001748;0.001749;0.001760;guided;guided,31250;31250;16
500000;0.001871;0.001848;0.001855;0.001857;0.001857;0.001844;0.001841;0.001861;0.001874;0.001859;0.001861;0.001853;0.001858;0.001874;0.001856;0.001831;0.001853;0.001840;0.001853;0.001858;0.001851;0.001867;0.001865;0.001862;0.001854;0.001852;0.001869;0.001903;0.001849;0.001855;0.001871;0.001856;0.001853;0.001861;0.001849;0.001843;0.001878;0.001852;0.001851;0.001853;0.001859;0.001851;0.001881;0.001870;0.001881;0.001852;0.001851;0.001848;0.001870;0.001858;0.001868;0.001885;0.001855;0.001866;0.001885;0.001860;0.001876;0.001877;0.001864;0.001862;0.001876;0.001874;0.001861;0.001868;0.001860;0.001856;0.001880;0.001837;0.001858;0.001878;0.001855;0.001850;0.001856;0.001876;0.001842;0.001852;0.001844;0.001881;0.001850;0.001862;0.001848;0.001901;0.001897;0.001867;0.001844;0.001852;0.001868;0.001847;0.001850;0.001855;0.001860;0.001938;0.001859;0.001845;0.001860;0.001856;0.001843;0.001852;0.001838;0.001873;0.001858;0.001862;0.001859;0.001863;0.001845;0.001853;0.001850;0.001840;0.001876;0.001886;0.001851;0.001853;0.001857;0.001839;0.001854;0.001848;0.001847;0.001871;0.001858;0.001852;0.001887;0.001854;0.001875;0.001854;0.001853;0.001850;0.001843;0.001850;0.001838;0.001856;0.001841;0.001854;0.001845;0.001864;0.001872;0.001853;0.001846;0.001871;0.001846;0.001861;0.001865;0.001853;0.001855;0.001865;0.001862;0.001848;0.001844;0.001850;0.001855;0.002030;0.001860;0.001852;0.001853;0.001855;0.001854;0.001851;0.001856;0.001856;0.001855;0.001854;0.001860;0.001853;0.001859;0.001857;0.001858;0.001854;0.001853;0.001846;0.001864;0.001865;0.001856;0.001855;0.001867;0.001854;0.001852;0.001834;0.001853;0.001886;0.002082;0.001851;0.001850;0.001889;0.001870;0.001873;0.001856;0.001864;0.001867;0.001863;0.001857;0.001866;0.001851;0.001860;0.001868;0.001856;0.001863;0.001876;0.001850;0.001866;0.001880;0.001851;guided;guided,20833;20833;24
500000;0.002416;0.001904;0.001809;0.001793;0.001789;0.001788;0.001798;0.001806;0.001800;0.001779;0.001784;0.001808;0.001795;0.001800;0.001812;0.001804;0.001795;0.001792;0.001789;0.001804;0.001797;0.001811;0.001796;0.001798;0.001782;0.001788;0.001804;0.001804;0.001802;0.001780;0.001808;0.001809;0.001787;0.001814;0.001799;0.001805;0.001793;0.001831;0.001804;0.001824;0.001791;0.001789;0.001788;0.001786;0.001803;0.001801;0.001788;0.001805;0.001821;0.001788;0.001789;0.001791;0.001793;0.001790;0.001785;0.001789;0.001795;0.001806;0.001804;0.001806;0.001810;0.001806;0.001810;0.001809;0.001800;0.001811;0.001799;0.001798;0.001800;0.001800;0.001805;0.002061;0.001792;0.001794;0.001812;0.001808;0.001786;0.001793;0.001791;0.001790;0.001791;0.001792;0.001793;0.001827;0.001810;0.001805;0.001803;0.001793;0.001827;0.001781;0.001810;0.001835;0.001784;0.001796;0.001791;0.001840;0.001791;0.001789;0.001788;0.001839;0.001780;0.001796;0.001787;0.001805;0.001785;0.001803;0.001785;0.001794;0.001809;0.001796;0.001923;0.001794;0.001799;0.001798;0.001783;0.001799;0.001774;0.001796;0.001801;0.001794;0.001808;0.001784;0.001802;0.001792;0.001790;0.003858;0.001807;0.001779;0.001865;0.001807;0.001789;0.001799;0.001796;0.001789;0.001796;0.001783;0.001786;0.001801;0.001783;0.001800;0.001781;0.001794;0.001787;0.001787;0.001790;0.001796;0.001790;0.001787;0.001792;0.001800;0.001784;0.001803;0.001800;0.001795;0.001803;0.001799;0.001785;0.001808;0.001803;0.001817;0.002021;0.001815;0.001793;0.001801;0.001819;0.001777;0.001786;0.001806;0.001796;0.001790;0.001806;0.002321;0.002390;0.001793;0.001823;0.001795;0.001801;0.001812;0.001805;0.001805;0.001798;0.001794;0.001812;0.001782;0.001803;0.001797;0.001796;0.001797;0.001804;0.001789;0.001800;0.001783;0.001790;0.001788;0.001797;0.001798;0.001808;0.001817;0.001803;0.001808;guided;guided,15625;15625;32
600000;0.007714;0.007732;0.007662;0.007695;0.007640;0.007677;0.007674;0.007681;0.006482;0.007664;0.007663;0.007671;0.007678;0.007685;0.006478;0.007684;0.007654;0.007672;0.007659;0.007693;0.007671;0.006455;0.007653;0.007667;0.007682;0.007671;0.007681;0.007701;0.008345;0.007798;0.006521;0.007779;0.007732;0.007718;0.007723;0.007789;0.007704;0.006524;0.007725;0.007703;0.006472;0.007698;0.007692;0.007667;0.007700;0.007707;0.007674;0.007658;0.007694;0.006491;0.007692;0.007712;0.007655;0.007663;0.007754;0.007678;0.007681;0.007724;0.007690;0.006510;0.007700;0.007691;0.009511;0.007684;0.007706;0.007681;0.006480;0.008549;0.007698;0.006457;0.007771;0.007683;0.007685;0.008842;0.007676;0.007676;0.006544;0.007714;0.007708;0.006571;0.007673;0.007695;0.007698;0.007690;0.007684;0.008085;0.007690;0.007721;0.007627;0.007687;0.007701;0.007689;0.008032;0.007691;0.007654;0.007703;0.007648;0.007698;0.007687;0.007672;0.007664;0.007676;0.006480;0.007675;0.007706;0.007689;0.007651;0.007711;0.007692;0.007666;0.007707;0.006455;0.007642;0.009486;0.007709;0.007676;0.007689;0.007687;0.007740;0.006471;0.006497;0.007686;0.007694;0.006470;0.007683;0.006519;0.007686;0.007677;0.007693;0.007687;0.007641;0.007674;0.007704;0.007669;0.007674;0.007661;0.007658;0.007689;0.007655;0.007694;0.006462;0.007702;0.007661;0.007674;0.007674;0.007707;0.007712;0.007685;0.007680;0.006456;0.008055;0.007726;0.007696;0.007651;0.007693;0.007683;0.007666;0.007667;0.006474;0.007679;0.007672;0.006512;0.007707;0.007667;0.007691;0.007754;0.007720;0.007659;0.007779;0.007678;0.007730;0.007677;0.007680;0.007707;0.006493;0.007710;0.007683;0.007679;0.007675;0.006464;0.007685;0.007680;0.007713;0.007709;0.007697;0.007669;0.007739;0.007733;0.007720;0.007662;0.007681;0.006487;0.006444;0.006472;0.007706;0.007676;0.007663;0.006446;0.006472;0.006469;seq;seq;0;0
600000;0.002065;0.002302;0.002041;0.002052;0.002037;0.002116;0.002077;0.002055;0.002048;0.002045;0.002040;0.002102;0.002039;0.002056;0.002081;0.002051;0.002088;0.002069;0.002054;0.002039;0.002044;0.002028;0.002062;0.002088;0.002045;0.002038;0.002083;0.002048;0.002045;0.002084;0.002046;0.002031;0.002035;0.002045;0.002037;0.002316;0.002055;0.002042;0.002256;0.001957;0.002094;0.002042;0.002113;0.002050;0.002041;0.002074;0.002042;0.001962;0.002052;0.002043;0.002042;0.002039;0.002079;0.002049;0.002005;0.002038;0.002051;0.002047;0.002102;0.002074;0.001989;0.002046;0.002096;0.002059;0.002038;0.002039;0.002062;0.002043;0.002282;0.002057;0.002050;0.002056;0.002059;0.002075;0.002091;0.002061;0.002065;0.002067;0.002048;0.002062;0.005970;0.002062;0.002073;0.002074;0.001970;0.002053;0.002072;0.002058;0.002067;0.002061;0.002046;0.002063;0.002051;0.002050;0.002063;0.002040;0.002046;0.002085;0.002039;0.002050;0.002041;0.002042;0.002052;0.002093;0.002050;0.001975;0.002075;0.001917;0.002171;0.002060;0.002048;0.002087;0.002080;0.002070;0.002064;0.002035;0.002113;0.002046;0.002078;0.002053;0.002036;0.002052;0.002084;0.002074;0.002065;0.002035;0.002011;0.002057;0.002041;0.002020;0.002072;0.002040;0.002044;0.002046;0.002057;0.002038;0.002267;0.002059;0.002039;0.002049;0.001885;0.002051;0.002059;0.002091;0.001964;0.002068;0.002097;0.002081;0.002047;0.002042;0.001944;0.002046;0.002099;0.002058;0.002074;0.002030;0.002093;0.002045;0.002047;0.002041;0.002062;0.002058;0.002064;0.002258;0.001984;0.002045;0.002056;0.002058;0.001975;0.002047;0.002068;0.002330;0.002050;0.002061;0.002040;0.002040;0.002065;0.002055;0.002045;0.002030;0.002071;0.002060;0.002088;0.002084;0.002052;0.002083;0.002099;0.002043;0.002055;0.002061;0.002037;0.002022;0.002046;0.002052;0.002043;0.002070;0.002038;0.002069;0.002072;0.002049;auto;auto;0;0
600000;0.005795;0.005803;0.005774;0.005757;0.005791;0.005779;0.005769;0.005768;0.005759;0.005769;0.005742;0.005776;0.005783;0.004678;0.005805;0.005789;0.005788;0.005869;0.005762;0.005773;0.005797;0.005768;0.004679;0.005799;0.005779;0.004699;0.004530;0.005827;0.004541;0.005814;0.005798;0.005795;0.005791;0.005785;0.005790;0.005768;0.005779;0.005793;0.005774;0.005783;0.005999;0.005755;0.005798;0.005783;0.005770;0.004636;0.005846;0.005772;0.005779;0.005767;0.004533;0.005779;0.005794;0.005809;0.005775;0.005793;0.005769;0.005793;0.005766;0.005787;0.005764;0.005759;0.005776;0.005769;0.005788;0.005760;0.005790;0.005759;0.005786;0.004645;0.005832;0.005754;0.004521;0.005781;0.005761;0.005842;0.005785;0.004680;0.005800;0.005791;0.005779;0.005772;0.005798;0.005766;0.005785;0.005778;0.004683;0.005806;0.005788;0.005800;0.005789;0.004825;0.005825;0.005787;0.005768;0.005766;0.005811;0.005778;0.005813;0.004645;0.005808;0.005790;0.005785;0.005777;0.005781;0.005764;0.005795;0.005785;0.005768;0.004676;0.005789;0.005778;0.005785;0.005841;0.005780;0.005759;0.005765;0.005804;0.004642;0.005803;0.005810;0.005791;0.004562;0.005828;0.005799;0.004560;0.005863;0.005814;0.005773;0.005791;0.005824;0.005750;0.005816;0.005779;0.005772;0.005776;0.004709;0.005780;0.004539;0.005846;0.005804;0.005808;0.004593;0.005815;0.005779;0.005789;0.005798;0.005825;0.005770;0.005783;0.005766;0.005788;0.009074;0.016613;0.016533;0.014113;0.005819;0.005826;0.005759;0.005770;0.005779;0.005855;0.005769;0.005794;0.004849;0.005827;0.005806;0.005790;0.005798;0.005793;0.005781;0.004614;0.005795;0.004541;0.004548;0.005837;0.005788;0.005773;0.004544;0.005786;0.005777;0.005783;0.005770;0.005771;0.005769;0.005811;0.005781;0.005756;0.005788;0.005774;0.005767;0.005775;0.005782;0.005765;0.005773;0.005774;0.005778;0.005765;0.005750;0.005768;static;static,1;1;0
600000;0.028208;0.028127;0.028456;0.027235;0.028899;0.027520;0.024708;0.028155;0.027150;0.027192;0.028237;0.029300;0.028176;0.028455;0.029305;0.025855;0.027248;0.027156;0.028483;0.027209;0.028503;0.028742;0.028231;0.028126;0.028129;0.025810;0.029296;0.028174;0.029324;0.027165;0.028473;0.028259;0.027217;0.028271;0.029342;0.028215;0.028153;0.028228;0.028472;0.029343;0.028168;0.028582;0.028170;0.025791;0.029340;0.028145;0.027448;0.028469;0.027187;0.028153;0.027245;0.028579;0.028147;0.028471;0.024785;0.028223;0.028189;0.028194;0.027176;0.028324;0.028447;0.028220;0.028213;0.028438;0.028492;0.028092;0.028295;0.028525;0.028536;0.028244;0.027673;0.025815;0.027185;0.027514;0.028154;0.025757;0.028248;0.028210;0.029311;0.028236;0.028166;0.028152;0.028524;0.028187;0.027186;0.028499;0.028191;0.025800;0.027205;0.027221;0.028501;0.028477;0.029790;0.027122;0.025837;0.028211;0.028282;0.028158;0.028265;0.027253;0.027216;0.027482;0.027168;0.027173;0.028237;0.024738;0.028360;0.028240;0.028421;0.028152;0.024788;0.027164;0.028205;0.025836;0.028454;0.027330;0.027231;0.028218;0.027465;0.028348;0.028554;0.028488;0.028192;0.028461;0.027123;0.027217;0.028254;0.028507;0.028123;0.024782;0.028251;0.027244;0.027206;0.028218;0.028128;0.028152;0.028885;0.027077;0.027499;0.028589;0.028261;0.027491;0.026226;0.027219;0.028181;0.028541;0.027215;0.029325;0.028149;0.028737;0.028110;0.028134;0.027177;0.027172;0.027323;0.027162;0.026613;0.025894;0.025833;0.028514;0.028146;0.025788;0.028315;0.028184;0.028542;0.028217;0.028147;0.025787;0.028098;0.029360;0.025795;0.028299;0.028141;0.029352;0.027321;0.028407;0.028138;0.028252;0.028090;0.028240;0.027179;0.028281;0.028116;0.028506;0.028465;0.028201;0.028200;0.029219;0.028129;0.025768;0.028135;0.028470;0.028114;0.027693;0.028168;0.028461;0.025844;0.025782;0.028180;0.027662;dynamic;dynamic,1;1;0
600000;0.002070;0.002044;0.002080;0.002073;0.002050;0.002040;0.002071;0.002054;0.002044;0.002042;0.002052;0.002032;0.002037;0.002045;0.002047;0.002041;0.002035;0.002047;0.001883;0.002049;0.002061;0.002037;0.002051;0.002081;0.001961;0.002044;0.002049;0.002072;0.002036;0.002041;0.002034;0.002044;0.002057;0.002047;0.002046;0.002039;0.002054;0.002038;0.002049;0.002044;0.002038;0.002049;0.002044;0.002044;0.002048;0.002044;0.002049;0.002083;0.002041;0.002042;0.001852;0.001927;0.002055;0.001889;0.002066;0.002048;0.002069;0.001852;0.002075;0.002055;0.002054;0.002057;0.002045;0.002421;0.002056;0.002059;0.002045;0.001851;0.002049;0.002051;0.001848;0.001840;0.002051;0.002068;0.001851;0.002050;0.002047;0.002044;0.002056;0.002062;0.002044;0.002044;0.002050;0.001845;0.001826;0.002063;0.002047;0.002068;0.002037;0.002056;0.002050;0.002045;0.002065;0.002039;0.001857;0.002232;0.002043;0.002053;0.002056;0.002054;0.002051;0.002045;0.002046;0.001935;0.002059;0.002045;0.002043;0.002037;0.002074;0.002051;0.002033;0.002042;0.001943;0.001923;0.002052;0.002042;0.002044;0.002051;0.002091;0.002050;0.002062;0.002043;0.002036;0.002054;0.001992;0.002056;0.002069;0.002041;0.002536;0.002064;0.002042;0.002050;0.002053;0.002040;0.002064;0.002036;0.002058;0.002098;0.002045;0.002043;0.002040;0.002046;0.002052;0.002037;0.002040;0.002033;0.002053;0.001864;0.002051;0.002060;0.002041;0.002045;0.001868;0.002086;0.002060;0.002055;0.002075;0.002043;0.002044;0.002112;0.002058;0.001851;0.002050;0.001847;0.001840;0.002046;0.002046;0.002058;0.002039;0.002043;0.002062;0.002045;0.002085;0.002100;0.001865;0.002055;0.002114;0.002040;0.001848;0.002041;0.001838;0.002071;0.002045;0.002066;0.002058;0.002063;0.002056;0.002079;0.001848;0.001847;0.002048;0.001843;0.004240;0.002041;0.002097;0.002039;0.001856;0.002066;0.002054;0.002077;guided;guided,1;1;0
600000;0.002046;0.002059;0.002043;0.002020;0.001922;0.002037;0.002063;0.002101;0.002045;0.002043;0.002047;0.002050;0.001942;0.002062;0.002049;0.002040;0.002111;0.002086;0.001890;0.002057;0.002054;0.002052;0.001990;0.002040;0.002244;0.002074;0.002059;0.002075;0.002050;0.002069;0.002045;0.002125;0.002044;0.002044;0.002055;0.002062;0.002052;0.002070;0.002128;0.002068;0.002074;0.002073;0.002038;0.002055;0.002096;0.002075;0.002046;0.002086;0.002055;0.002081;0.002085;0.002048;0.002043;0.002037;0.002038;0.002147;0.002105;0.002039;0.002004;0.002065;0.002106;0.002044;0.002043;0.002058;0.002086;0.002112;0.002052;0.002054;0.002052;0.002085;0.002124;0.002108;0.002000;0.002070;0.002071;0.001984;0.002057;0.002043;0.002087;0.002078;0.002079;0.002043;0.002059;0.002033;0.002089;0.002052;0.002039;0.002032;0.002057;0.002089;0.002042;0.002058;0.001900;0.002084;0.001852;0.002045;0.002052;0.001886;0.001999;0.002041;0.002086;0.002053;0.002052;0.001919;0.002063;0.002046;0.002034;0.002094;0.002057;0.002092;0.002044;0.001973;0.002034;0.002045;0.002054;0.002037;0.002092;0.002048;0.001987;0.002078;0.002086;0.001879;0.002044;0.002050;0.001907;0.002046;0.002057;0.002044;0.002055;0.002058;0.002616;0.002045;0.002052;0.002057;0.001888;0.002036;0.002091;0.002239;0.002058;0.002037;0.001954;0.001921;0.002054;0.001997;0.002105;0.002085;0.001844;0.002083;0.001906;0.002078;0.002039;0.002063;0.001900;0.002066;0.002044;0.002051;0.001999;0.002046;0.001899;0.002043;0.002057;0.002063;0.002042;0.002241;0.002093;0.002229;0.002041;0.002068;0.002038;0.002037;0.002073;0.002060;0.002041;0.002050;0.002068;0.002049;0.002054;0.002084;0.002093;0.002034;0.001999;0.002043;0.002117;0.002051;0.002043;0.002069;0.002052;0.002270;0.002078;0.001950;0.002040;0.002061;0.002045;0.002056;0.002049;0.002086;0.002067;0.002048;0.002051;0.002114;static;static,75000;75000;8
600000;0.002048;0.002083;0.002042;0.002030;0.002002;0.002056;0.002048;0.002053;0.002041;0.002051;0.002082;0.002043;0.002061;0.002110;0.002046;0.002057;0.002109;0.002073;0.002040;0.002121;0.002045;0.001938;0.002049;0.002041;0.002034;0.002064;0.002081;0.002412;0.002043;0.002173;0.002070;0.002053;0.002070;0.002066;0.002049;0.002089;0.002081;0.002104;0.002110;0.002045;0.001922;0.002065;0.002049;0.002035;0.002050;0.002103;0.002051;0.002062;0.002052;0.001968;0.002097;0.002045;0.002068;0.002070;0.002065;0.002075;0.001935;0.002047;0.002104;0.002053;0.002074;0.002050;0.002039;0.002059;0.002049;0.001941;0.001927;0.002054;0.002061;0.002040;0.002116;0.002112;0.001887;0.002062;0.001960;0.002111;0.001880;0.002048;0.002070;0.002027;0.002065;0.002085;0.002044;0.001858;0.002043;0.001894;0.002045;0.002123;0.002064;0.002102;0.002058;0.002069;0.002061;0.002049;0.002104;0.002054;0.002046;0.002054;0.002038;0.002106;0.002120;0.002047;0.002044;0.002127;0.002100;0.002081;0.001949;0.002056;0.002051;0.002047;0.002061;0.002135;0.002075;0.002051;0.002056;0.002061;0.002038;0.002041;0.002060;0.002056;0.002095;0.001921;0.002047;0.002049;0.002054;0.002077;0.002045;0.002046;0.002128;0.002515;0.002065;0.002066;0.002044;0.002059;0.002058;0.002041;0.002042;0.002056;0.002051;0.001913;0.002056;0.002055;0.002038;0.002045;0.002053;0.002074;0.001931;0.002064;0.002056;0.002144;0.001942;0.002051;0.001976;0.001974;0.001918;0.002127;0.001941;0.002124;0.002058;0.002042;0.002257;0.002047;0.002079;0.002051;0.002079;0.002046;0.002080;0.002045;0.002046;0.002042;0.002059;0.002042;0.004670;0.009175;0.010590;0.008845;0.008947;0.006876;0.008983;0.009874;0.010612;0.008920;0.008913;0.008921;0.008428;0.002701;0.008582;0.008923;0.010647;0.008915;0.010074;0.008919;0.010632;0.008864;0.008894;0.008884;0.008880;0.008909;0.008902;0.008706;static;static,37500;37500;16
600000;0.010667;0.008372;0.010651;0.008909;0.008891;0.007294;0.010627;0.003490;0.007374;0.008438;0.010582;0.007380;0.006826;0.007452;0.008927;0.007369;0.008885;0.008913;0.007753;0.007763;0.008902;0.002364;0.007862;0.009751;0.002039;0.002039;0.002129;0.002066;0.002056;0.002051;0.002041;0.002053;0.002066;0.002083;0.001976;0.001842;0.002050;0.002062;0.002064;0.002056;0.002048;0.002061;0.002082;0.002054;0.002060;0.002049;0.002082;0.002055;0.002044;0.002080;0.002047;0.002047;0.002064;0.001960;0.002054;0.002054;0.002043;0.002049;0.001951;0.002057;0.002041;0.001831;0.002083;0.002046;0.002061;0.002065;0.002073;0.002042;0.002055;0.001853;0.002068;0.002058;0.002052;0.002045;0.002056;0.002059;0.001948;0.002115;0.002049;0.002050;0.002056;0.002049;0.002044;0.002042;0.002057;0.002059;0.002045;0.001898;0.002055;0.002046;0.002114;0.002053;0.002036;0.002068;0.001909;0.002082;0.002216;0.002059;0.002049;0.001878;0.002075;0.002086;0.002051;0.002053;0.002036;0.002097;0.002122;0.002039;0.002068;0.002060;0.002047;0.002121;0.002040;0.002058;0.002064;0.002054;0.002038;0.002062;0.002094;0.002041;0.002072;0.002035;0.002061;0.002071;0.002031;0.002070;0.002071;0.002050;0.002051;0.002063;0.002088;0.002060;0.002053;0.002044;0.002070;0.002049;0.002054;0.002044;0.002050;0.002047;0.002054;0.002052;0.002109;0.002059;0.002055;0.002052;0.001943;0.002429;0.002048;0.002109;0.002040;0.001891;0.002078;0.002047;0.002044;0.002055;0.002051;0.002093;0.002077;0.002038;0.001928;0.002053;0.002057;0.002041;0.002089;0.002055;0.002044;0.002072;0.002033;0.002053;0.002064;0.002047;0.001845;0.002061;0.002047;0.002070;0.002066;0.002044;0.002069;0.002079;0.001907;0.002076;0.002061;0.002083;0.001947;0.002067;0.002047;0.002056;0.002099;0.002035;0.002499;0.002075;0.002056;0.002036;0.001933;0.001858;0.002397;0.002055;0.001829;0.002045;static;static,25000;25000;24
600000;0.002064;0.002044;0.001928;0.002073;0.002091;0.002093;0.002084;0.002042;0.002045;0.002049;0.002029;0.002066;0.002079;0.002041;0.002046;0.002046;0.002051;0.002052;0.002048;0.002086;0.002043;0.002057;0.002044;0.002049;0.002043;0.002092;0.002037;0.002066;0.002050;0.002116;0.002179;0.002049;0.002093;0.002087;0.002046;0.002051;0.002033;0.002087;0.002046;0.002220;0.002047;0.001965;0.002058;0.002053;0.001930;0.002053;0.002040;0.002052;0.001926;0.002061;0.001897;0.002046;0.002051;0.002044;0.002111;0.002041;0.002081;0.002056;0.002044;0.002040;0.001943;0.002107;0.002058;0.002056;0.002077;0.001908;0.002038;0.002074;0.002463;0.002091;0.002047;0.002066;0.001904;0.002070;0.002077;0.002047;0.002065;0.002049;0.001906;0.002056;0.002093;0.002045;0.001975;0.002075;0.002051;0.002089;0.001938;0.002058;0.002089;0.002093;0.001892;0.002047;0.001879;0.002053;0.002050;0.002040;0.001919;0.002048;0.002043;0.002058;0.002084;0.002039;0.002054;0.002056;0.002050;0.002048;0.002050;0.002043;0.002041;0.002044;0.002050;0.002057;0.001922;0.002233;0.002053;0.002042;0.002094;0.002058;0.002051;0.002052;0.002057;0.002045;0.002043;0.002042;0.002233;0.002100;0.002130;0.002080;0.002055;0.002077;0.002047;0.002039;0.002049;0.002053;0.002049;0.002087;0.002045;0.002059;0.002043;0.002069;0.002071;0.002078;0.002054;0.002064;0.002062;0.001906;0.002057;0.002061;0.002075;0.002059;0.002040;0.002074;0.002074;0.002047;0.002044;0.002096;0.002097;0.002043;0.002067;0.002088;0.002067;0.002081;0.002006;0.001922;0.001920;0.002056;0.001938;0.002117;0.002091;0.002057;0.002037;0.002080;0.002101;0.002086;0.002054;0.002054;0.002043;0.002054;0.002040;0.001893;0.002084;0.003569;0.002057;0.002052;0.002050;0.002044;0.002061;0.002066;0.002054;0.002101;0.001979;0.002073;0.001903;0.002109;0.002085;0.002057;0.002059;0.002046;0.002044;0.002045;static;static,18750;18750;32
600000;0.002064;0.002040;0.002035;0.002041;0.002051;0.002046;0.002065;0.002039;0.002055;0.002055;0.002075;0.002047;0.002041;0.002051;0.002043;0.002047;0.002047;0.002050;0.002187;0.002054;0.002037;0.002047;0.002088;0.002066;0.002045;0.002049;0.002047;0.002076;0.002074;0.002044;0.002042;0.002055;0.002040;0.002086;0.002057;0.002044;0.002211;0.002098;0.002052;0.002051;0.002077;0.002049;0.002043;0.002054;0.002090;0.002082;0.002040;0.002173;0.002059;0.002053;0.002044;0.002042;0.002054;0.002054;0.002056;0.002050;0.002042;0.002052;0.002030;0.002044;0.002055;0.002053;0.002061;0.002057;0.002052;0.002047;0.002052;0.002106;0.002043;0.001913;0.002096;0.002046;0.002046;0.002051;0.002038;0.001978;0.002055;0.002046;0.001942;0.001964;0.002051;0.002045;0.002086;0.002045;0.002060;0.001913;0.002070;0.002056;0.002098;0.002052;0.002044;0.002064;0.002045;0.002091;0.002110;0.002048;0.002038;0.002078;0.002051;0.002049;0.002057;0.002074;0.002032;0.002047;0.002083;0.002060;0.002062;0.002029;0.002052;0.002060;0.002104;0.002049;0.002050;0.001974;0.002049;0.002070;0.002085;0.001963;0.001991;0.002056;0.002039;0.002071;0.002040;0.002059;0.002051;0.002049;0.002080;0.002041;0.002046;0.002054;0.002077;0.008329;0.002083;0.002053;0.002082;0.002052;0.002105;0.002057;0.002049;0.002048;0.002076;0.002047;0.002093;0.002061;0.002047;0.002044;0.002047;0.002114;0.001980;0.002064;0.002050;0.002074;0.002044;0.002044;0.002195;0.002087;0.002053;0.002060;0.002101;0.001875;0.002069;0.001997;0.002049;0.002096;0.002067;0.002045;0.002047;0.002074;0.002056;0.002043;0.002064;0.002043;0.002055;0.001999;0.002073;0.002063;0.002046;0.002038;0.002046;0.002049;0.002042;0.002052;0.002051;0.002041;0.002036;0.002056;0.002048;0.002058;0.002051;0.002043;0.002040;0.002044;0.002084;0.002059;0.002244;0.002047;0.002057;0.002114;0.001865;0.002067;dynamic;dynamic,75000;75000;8
600000;0.002060;0.002058;0.002043;0.002042;0.002063;0.002092;0.002048;0.002036;0.002056;0.002097;0.002110;0.002090;0.002050;0.002102;0.002061;0.002049;0.002044;0.001991;0.002062;0.001941;0.002055;0.002054;0.002038;0.002095;0.002091;0.002055;0.002053;0.002088;0.002053;0.001951;0.002054;0.002053;0.002040;0.002059;0.002044;0.002048;0.002034;0.002043;0.001947;0.002057;0.002053;0.002064;0.002053;0.002082;0.002038;0.002043;0.002043;0.002046;0.002048;0.002060;0.002050;0.002042;0.002046;0.002076;0.002042;0.002086;0.002065;0.002112;0.002051;0.002054;0.002069;0.002046;0.002059;0.002076;0.002044;0.002054;0.002086;0.002213;0.002065;0.001906;0.002044;0.002042;0.001955;0.002045;0.001956;0.001837;0.002129;0.002056;0.002052;0.002049;0.002037;0.002005;0.002053;0.001943;0.002430;0.001974;0.002054;0.002060;0.001894;0.002063;0.001951;0.002042;0.002044;0.002070;0.001939;0.002045;0.001945;0.002067;0.002050;0.001851;0.004370;0.002059;0.002047;0.002084;0.002047;0.002046;0.002078;0.002049;0.002045;0.002043;0.002077;0.002095;0.002037;0.002229;0.002051;0.002055;0.002109;0.002043;0.002076;0.002044;0.001885;0.001969;0.002081;0.002055;0.001827;0.002082;0.002059;0.001959;0.002080;0.002051;0.002043;0.002063;0.002084;0.002079;0.002040;0.001883;0.002047;0.002041;0.002044;0.001962;0.001869;0.002046;0.002044;0.002071;0.002036;0.002049;0.002073;0.002077;0.001944;0.002046;0.002040;0.002057;0.002045;0.002084;0.002052;0.002080;0.002096;0.002055;0.002051;0.002060;0.002043;0.002043;0.002007;0.001980;0.001954;0.002072;0.002055;0.002409;0.002043;0.001948;0.002090;0.002044;0.002052;0.002033;0.002039;0.002104;0.002055;0.002141;0.002055;0.002036;0.002046;0.002075;0.002048;0.002034;0.002064;0.002049;0.001986;0.002061;0.002062;0.002037;0.002061;0.002039;0.002079;0.002063;0.002046;0.002048;0.002076;0.002091;0.002039;0.001866;dynamic;dynamic,37500;37500;16
600000;0.002056;0.002049;0.002112;0.002082;0.001927;0.002101;0.002068;0.002065;0.002105;0.002062;0.002091;0.002058;0.002091;0.002063;0.002063;0.002082;0.002071;0.002086;0.002059;0.002281;0.002089;0.002070;0.002061;0.002071;0.002049;0.002115;0.002488;0.002040;0.002047;0.002058;0.002044;0.002050;0.002043;0.002059;0.002096;0.002063;0.002070;0.002050;0.002098;0.002063;0.002063;0.002048;0.002113;0.002036;0.002060;0.002076;0.003408;0.002057;0.002059;0.002067;0.002056;0.002061;0.002532;0.001990;0.002069;0.001958;0.002071;0.002083;0.002046;0.002046;0.002049;0.002047;0.002053;0.002106;0.001855;0.002224;0.002043;0.002083;0.002063;0.002071;0.002043;0.002040;0.002053;0.002070;0.002049;0.002267;0.002040;0.002077;0.002079;0.002098;0.001903;0.002047;0.002051;0.001951;0.001933;0.002097;0.001906;0.002060;0.001953;0.002045;0.002056;0.002093;0.002047;0.001978;0.002054;0.002047;0.002064;0.002061;0.002051;0.002076;0.002084;0.002020;0.002059;0.001930;0.002070;0.002059;0.002058;0.002064;0.002064;0.002063;0.002069;0.001961;0.002086;0.002045;0.002073;0.002074;0.002050;0.002052;0.002046;0.002046;0.003146;0.002072;0.002101;0.001945;0.002044;0.002074;0.002052;0.002047;0.002063;0.002046;0.002048;0.002075;0.002057;0.001994;0.002063;0.001984;0.002075;0.002060;0.002057;0.002050;0.002063;0.002026;0.002059;0.002068;0.002070;0.002049;0.002053;0.002070;0.002080;0.002040;0.002049;0.002050;0.002084;0.002052;0.002054;0.002048;0.002080;0.002036;0.002070;0.002088;0.002045;0.002041;0.002051;0.002037;0.002060;0.002061;0.002052;0.002045;0.002207;0.002074;0.002062;0.002052;0.002047;0.002091;0.002036;0.002053;0.002064;0.001842;0.001979;0.002060;0.002094;0.002094;0.002056;0.002079;0.002094;0.002058;0.002049;0.002082;0.002048;0.002052;0.002043;0.002056;0.002040;0.002038;0.001978;0.002049;0.002048;0.002068;0.002048;0.002054;dynamic;dynamic,25000;25000;24
600000;0.002092;0.002064;0.002007;0.001963;0.002082;0.002041;0.002076;0.002061;0.002085;0.002113;0.002050;0.002055;0.001904;0.002080;0.002074;0.002038;0.002050;0.002056;0.002069;0.002050;0.002051;0.002097;0.002051;0.002049;0.002073;0.002095;0.002067;0.002047;0.002018;0.002096;0.002065;0.002052;0.002108;0.002054;0.002059;0.002103;0.002044;0.001898;0.002101;0.002062;0.002076;0.002073;0.002058;0.001995;0.002060;0.001941;0.002060;0.002063;0.001958;0.002061;0.002056;0.002447;0.002050;0.002050;0.002060;0.002051;0.002078;0.002455;0.002087;0.002056;0.002051;0.002038;0.002067;0.002052;0.002057;0.002059;0.002056;0.002076;0.002050;0.002050;0.002048;0.002048;0.002045;0.002057;0.002064;0.002079;0.002045;0.002097;0.002053;0.002053;0.002095;0.002084;0.002060;0.002058;0.002259;0.002054;0.002162;0.002064;0.002055;0.002060;0.002040;0.002050;0.002084;0.002042;0.001910;0.002057;0.002051;0.002047;0.002058;0.002047;0.002075;0.002071;0.002077;0.002051;0.002078;0.002047;0.002445;0.002065;0.002043;0.002103;0.002059;0.002049;0.002051;0.002069;0.002050;0.002093;0.001912;0.002110;0.002064;0.002100;0.001915;0.002084;0.002046;0.002064;0.002049;0.002049;0.002447;0.002073;0.002074;0.002060;0.002073;0.002108;0.002049;0.002045;0.002073;0.002051;0.002084;0.001929;0.002085;0.002304;0.002071;0.002084;0.002045;0.002119;0.001929;0.001889;0.002060;0.002046;0.002051;0.002070;0.002060;0.002094;0.001912;0.002087;0.002077;0.002053;0.002064;0.002097;0.002168;0.002125;0.001952;0.002054;0.001996;0.001908;0.001906;0.002094;0.002058;0.002069;0.002109;0.002050;0.002062;0.002055;0.002054;0.002054;0.002054;0.002051;0.002053;0.001892;0.002050;0.001996;0.001911;0.002092;0.001884;0.002102;0.002061;0.002078;0.002063;0.002091;0.002075;0.002041;0.002057;0.001918;0.002078;0.002057;0.002064;0.002057;0.002047;0.002063;0.002050;0.002060;dynamic;dynamic,18750;18750;32
600000;0.002141;0.002159;0.002151;0.002150;0.002172;0.002146;0.002157;0.001983;0.002156;0.002168;0.002165;0.002156;0.002160;0.002247;0.002157;0.001933;0.002168;0.002142;0.001948;0.002153;0.002158;0.002169;0.001951;0.002179;0.001989;0.002158;0.002150;0.002165;0.001925;0.002165;0.002146;0.001923;0.002168;0.002026;0.002155;0.002161;0.002147;0.002140;0.002153;0.002153;0.002191;0.002161;0.002168;0.002163;0.002183;0.002143;0.002155;0.002164;0.002171;0.002146;0.001989;0.002039;0.002164;0.002165;0.002202;0.002149;0.002167;0.002184;0.002158;0.001968;0.002137;0.002208;0.002165;0.002016;0.002146;0.002017;0.002166;0.002159;0.002172;0.002153;0.002149;0.002156;0.002148;0.002140;0.002171;0.002145;0.002148;0.002166;0.002167;0.002155;0.002153;0.002151;0.002158;0.002146;0.002196;0.002149;0.002153;0.002172;0.002154;0.002064;0.002158;0.002163;0.002192;0.002188;0.002153;0.002155;0.002170;0.002164;0.002196;0.002168;0.002147;0.002158;0.002165;0.002261;0.002167;0.002156;0.002195;0.002185;0.002188;0.002154;0.002172;0.002151;0.002158;0.002152;0.002144;0.002151;0.002150;0.002153;0.002159;0.002170;0.002155;0.002166;0.002153;0.002155;0.002148;0.002164;0.002154;0.002153;0.002155;0.002152;0.002146;0.002150;0.002183;0.002150;0.002157;0.002164;0.002178;0.002156;0.002167;0.002153;0.002146;0.002157;0.002156;0.002160;0.002162;0.002165;0.002154;0.002164;0.002181;0.002153;0.002557;0.002172;0.002158;0.002174;0.002153;0.002167;0.002147;0.001991;0.002168;0.002152;0.002167;0.002147;0.001925;0.001946;0.002169;0.004383;0.002179;0.002146;0.002159;0.002116;0.001970;0.001977;0.002010;0.002161;0.002166;0.002171;0.002160;0.002149;0.002173;0.002163;0.002150;0.002157;0.002162;0.002161;0.002157;0.002148;0.002147;0.002147;0.002165;0.002149;0.002152;0.002117;0.002153;0.002196;0.002145;0.002172;0.002091;0.002172;0.002155;0.002153;guided;guided,75000;75000;8
600000;0.002073;0.002072;0.002088;0.002063;0.002089;0.002057;0.002060;0.002069;0.002075;0.002077;0.002073;0.002061;0.002014;0.002075;0.004516;0.002061;0.002071;0.002069;0.002067;0.002056;0.002054;0.002061;0.002103;0.002094;0.002081;0.001942;0.002075;0.002079;0.001955;0.002078;0.002067;0.002100;0.002072;0.002068;0.002077;0.002074;0.002056;0.002059;0.001963;0.002071;0.002078;0.002063;0.002071;0.002060;0.002083;0.002071;0.001953;0.002068;0.002075;0.002073;0.002063;0.002056;0.002070;0.002073;0.002083;0.002112;0.002064;0.002070;0.002071;0.001968;0.002080;0.002081;0.002066;0.002220;0.002185;0.002147;0.002082;0.002070;0.002124;0.002085;0.002086;0.002092;0.002054;0.002065;0.001994;0.002075;0.001990;0.002092;0.002083;0.002060;0.002084;0.002061;0.002073;0.002076;0.002108;0.002072;0.002102;0.002065;0.002061;0.002063;0.002108;0.002059;0.002116;0.002081;0.002071;0.002064;0.002066;0.002087;0.002075;0.002098;0.002060;0.002070;0.002097;0.002069;0.002070;0.002062;0.002077;0.002067;0.002067;0.002091;0.002055;0.002213;0.002517;0.002066;0.001940;0.002082;0.002072;0.002060;0.002061;0.002004;0.002075;0.002072;0.002082;0.002101;0.001942;0.002084;0.002061;0.002115;0.002069;0.002090;0.001944;0.002092;0.002053;0.002079;0.002065;0.002064;0.002061;0.001918;0.002080;0.002077;0.002080;0.002067;0.002063;0.002075;0.002096;0.002068;0.002060;0.002079;0.002074;0.001979;0.002087;0.002073;0.002055;0.002081;0.002078;0.002068;0.002067;0.001934;0.002063;0.002066;0.002071;0.002057;0.002114;0.002243;0.001950;0.002068;0.002093;0.002195;0.002055;0.002089;0.002071;0.002066;0.002066;0.002063;0.002108;0.002062;0.002088;0.002054;0.002061;0.001958;0.002065;0.002074;0.002073;0.002081;0.002063;0.002079;0.002070;0.002063;0.002076;0.002057;0.002064;0.002095;0.001959;0.002070;0.002075;0.002075;0.001929;0.002065;0.002061;0.002067;guided;guided,37500;37500;16
600000;0.002193;0.002199;0.002207;0.002208;0.002199;0.002000;0.002196;0.002181;0.002216;0.002190;0.002202;0.002213;0.002186;0.002208;0.002181;0.002196;0.002388;0.002008;0.002201;0.002017;0.002194;0.002245;0.002192;0.002182;0.002189;0.001964;0.002187;0.002182;0.002205;0.002198;0.002187;0.002065;0.002211;0.002105;0.002202;0.002006;0.002197;0.002197;0.002000;0.002189;0.001978;0.002193;0.002240;0.002203;0.002212;0.002193;0.002186;0.002208;0.002199;0.002190;0.002189;0.002193;0.002185;0.002202;0.002201;0.002191;0.002020;0.002029;0.002089;0.002034;0.002220;0.002011;0.002195;0.002217;0.002199;0.002206;0.002206;0.002193;0.002189;0.002012;0.002191;0.002009;0.002197;0.002203;0.002184;0.002019;0.002232;0.001948;0.002202;0.002210;0.002011;0.002233;0.002205;0.002205;0.002198;0.002185;0.002204;0.002196;0.002190;0.002197;0.002194;0.002187;0.002207;0.002129;0.002203;0.002020;0.002200;0.002196;0.002195;0.002197;0.002205;0.002216;0.002035;0.002216;0.002239;0.002070;0.002196;0.002190;0.002190;0.002197;0.002201;0.002189;0.002182;0.002213;0.002194;0.002177;0.002200;0.002201;0.002036;0.002187;0.002196;0.002192;0.002186;0.002209;0.002190;0.002020;0.002218;0.002202;0.002200;0.002197;0.002182;0.002220;0.002184;0.002183;0.002185;0.002179;0.002190;0.002216;0.002207;0.002207;0.002082;0.002201;0.002211;0.002198;0.002185;0.002184;0.002214;0.002186;0.002191;0.002226;0.002570;0.002187;0.002221;0.002182;0.002205;0.002186;0.002069;0.002197;0.002202;0.002206;0.002195;0.002192;0.002187;0.002185;0.002224;0.002193;0.002186;0.001991;0.002075;0.002212;0.002191;0.002195;0.002197;0.002193;0.002225;0.002212;0.002022;0.002199;0.002199;0.002019;0.002207;0.002193;0.002202;0.002222;0.002192;0.001988;0.001949;0.002212;0.002243;0.002221;0.002208;0.002220;0.002040;0.002209;0.002192;0.002202;0.002011;0.002268;0.002032;0.002200;guided;guided,25000;25000;24
600000;0.002099;0.002150;0.002110;0.002131;0.001954;0.002145;0.002156;0.002117;0.001922;0.002134;0.002112;0.002144;0.002125;0.002117;0.002131;0.002162;0.002132;0.002121;0.001955;0.002139;0.002133;0.002125;0.002121;0.002122;0.002152;0.002114;0.002113;0.002135;0.001938;0.002135;0.002117;0.002123;0.002145;0.002121;0.002135;0.002135;0.002149;0.002131;0.002120;0.002120;0.002130;0.002113;0.002113;0.002144;0.001924;0.002127;0.002114;0.002118;0.002106;0.002128;0.002148;0.002131;0.002133;0.002147;0.002106;0.002122;0.002146;0.002113;0.002121;0.002124;0.002107;0.002103;0.002137;0.002122;0.001991;0.002141;0.002132;0.002129;0.002118;0.002195;0.001972;0.002117;0.002138;0.002110;0.002177;0.002143;0.002121;0.002132;0.001950;0.002134;0.002115;0.001944;0.002154;0.002160;0.002165;0.002150;0.002045;0.002069;0.002157;0.002127;0.002120;0.002132;0.002108;0.001919;0.002141;0.002115;0.002324;0.002208;0.002112;0.002137;0.002115;0.002114;0.002136;0.002113;0.002155;0.002133;0.002115;0.002127;0.001968;0.002142;0.002141;0.002110;0.002111;0.002116;0.002121;0.002122;0.002114;0.002124;0.002113;0.002117;0.002134;0.002121;0.002113;0.001979;0.002129;0.002116;0.002130;0.001944;0.001944;0.002136;0.002111;0.002117;0.001960;0.002131;0.002126;0.002125;0.002126;0.002118;0.002135;0.002130;0.002144;0.002137;0.001957;0.002123;0.002131;0.002117;0.002118;0.001959;0.002130;0.002121;0.002116;0.002118;0.002129;0.002122;0.002126;0.002127;0.002112;0.002512;0.002121;0.002123;0.002115;0.002122;0.001907;0.002249;0.002138;0.001901;0.002127;0.002151;0.002118;0.002127;0.002120;0.002125;0.002112;0.002138;0.002123;0.002117;0.002153;0.002129;0.002121;0.002127;0.002113;0.002129;0.002121;0.002114;0.002124;0.002115;0.002138;0.001929;0.002129;0.002183;0.002116;0.002160;0.002129;0.002114;0.002129;0.002236;0.002132;0.002135;0.001965;0.002123;guided;guided,18750;18750;32
700000;0.009005;0.007819;0.008939;0.008948;0.008932;0.008945;0.008957;0.007742;0.008923;0.009008;0.007749;0.007711;0.008978;0.007737;0.007835;0.008953;0.008921;0.009048;0.007760;0.009009;0.008960;0.008936;0.007760;0.008933;0.008959;0.009135;0.007749;0.008944;0.008934;0.009000;0.008936;0.007726;0.009033;0.008933;0.007734;0.008923;0.008969;0.007745;0.007726;0.008945;0.008938;0.008943;0.008954;0.008942;0.008931;0.008998;0.008961;0.008953;0.008987;0.008963;0.007769;0.008942;0.008954;0.008947;0.008957;0.008995;0.008975;0.008933;0.007741;0.008944;0.008932;0.009056;0.007736;0.008925;0.008933;0.007719;0.008935;0.008942;0.008931;0.007737;0.008961;0.007787;0.007746;0.008942;0.008977;0.007716;0.008971;0.009017;0.007742;0.007748;0.009009;0.009004;0.007773;0.009011;0.008964;0.009001;0.007771;0.008973;0.007739;0.008973;0.007751;0.008935;0.008961;0.007754;0.008932;0.007725;0.007744;0.007782;0.007731;0.007736;0.008996;0.007772;0.007766;0.008966;0.007714;0.008945;0.008939;0.009019;0.008950;0.007761;0.008920;0.007734;0.007737;0.008961;0.007724;0.008965;0.008931;0.007781;0.008945;0.009364;0.008934;0.008963;0.008990;0.009357;0.008931;0.008937;0.007729;0.008953;0.008961;0.008969;0.008924;0.007739;0.008987;0.008977;0.007708;0.008961;0.007728;0.008954;0.007764;0.007775;0.007758;0.007714;0.007743;0.008966;0.009005;0.007757;0.007728;0.008974;0.008958;0.007733;0.008946;0.008938;0.008942;0.008942;0.007729;0.007790;0.008963;0.008969;0.007738;0.007730;0.008946;0.008999;0.008938;0.007748;0.007728;0.007726;0.007787;0.008958;0.009946;0.008929;0.008954;0.009016;0.007774;0.007743;0.008947;0.008944;0.008947;0.007728;0.007747;0.007759;0.007729;0.008978;0.008981;0.008971;0.007743;0.008918;0.008944;0.007721;0.008943;0.007718;0.007742;0.007731;0.008969;0.008960;0.008947;0.008927;0.008936;0.007996;0.008975;0.008952;seq;seq;0;0
700000;0.002583;0.002395;0.002367;0.002359;0.002409;0.002357;0.002364;0.002444;0.002450;0.002370;0.002359;0.002373;0.002247;0.002368;0.002354;0.002335;0.002591;0.002246;0.002409;0.002368;0.002355;0.002357;0.002309;0.002428;0.002413;0.002364;0.002361;0.002583;0.002323;0.002373;0.002266;0.002357;0.002852;0.002393;0.002418;0.002450;0.002400;0.002362;0.002350;0.002380;0.002356;0.002553;0.002374;0.002430;0.002351;0.002383;0.002351;0.002780;0.002307;0.002411;0.002416;0.002424;0.002372;0.002388;0.002387;0.002366;0.002376;0.002355;0.002378;0.002594;0.002368;0.002346;0.002401;0.002349;0.002374;0.002681;0.002435;0.002358;0.002340;0.002540;0.002381;0.002352;0.002400;0.002365;0.002532;0.002535;0.002438;0.002499;0.002386;0.002315;0.002677;0.002532;0.002401;0.002307;0.002397;0.002356;0.002372;0.002565;0.002371;0.002413;0.002361;0.002435;0.002392;0.002373;0.002339;0.002392;0.002363;0.002368;0.002377;0.002375;0.002374;0.002388;0.002385;0.002702;0.002261;0.002385;0.002420;0.002344;0.002354;0.002398;0.002375;0.002525;0.002389;0.002364;0.002406;0.002358;0.002368;0.002328;0.002528;0.002384;0.002400;0.002358;0.002353;0.002275;0.002581;0.002301;0.002433;0.002396;0.002384;0.002383;0.002402;0.002606;0.002348;0.002364;0.002351;0.002400;0.002406;0.002382;0.002354;0.002348;0.002528;0.002522;0.002389;0.002376;0.002560;0.002224;0.002220;0.002567;0.002410;0.002375;0.002362;0.002442;0.002511;0.002399;0.002346;0.002347;0.002356;0.002423;0.002385;0.002406;0.002351;0.002598;0.002351;0.002359;0.002383;0.002369;0.002371;0.002377;0.002397;0.002355;0.002357;0.002378;0.002460;0.002376;0.002370;0.002607;0.002286;0.002809;0.002431;0.002393;0.002274;0.002375;0.002356;0.002366;0.002248;0.002403;0.002408;0.002382;0.002376;0.002424;0.002396;0.002380;0.002454;0.002617;0.002294;0.002278;0.002368;0.002362;0.002393;0.002393;auto;auto;0;0
700000;0.006761;0.006715;0.006707;0.006740;0.006699;0.006719;0.006708;0.006717;0.006712;0.005725;0.006744;0.006729;0.006696;0.005597;0.006749;0.006714;0.006728;0.006736;0.006759;0.006727;0.006730;0.005647;0.006737;0.006752;0.006726;0.006732;0.005517;0.006754;0.005477;0.006732;0.005467;0.005484;0.005464;0.006803;0.006738;0.006717;0.005505;0.005457;0.006753;0.006732;0.005647;0.006753;0.006748;0.005697;0.006770;0.005481;0.005467;0.005469;0.006739;0.006769;0.006715;0.005529;0.006727;0.006749;0.005513;0.006748;0.006710;0.005529;0.006734;0.006720;0.006736;0.006733;0.006709;0.005479;0.006728;0.006730;0.006682;0.006726;0.006740;0.006719;0.006732;0.006698;0.006695;0.007110;0.006706;0.005498;0.006786;0.006703;0.006708;0.006716;0.006695;0.005505;0.005481;0.005481;0.005489;0.006748;0.006714;0.006698;0.005481;0.005509;0.006738;0.006729;0.005480;0.006710;0.005504;0.006728;0.006699;0.006726;0.006671;0.005549;0.006767;0.006731;0.006753;0.005524;0.006730;0.005484;0.006737;0.005499;0.006724;0.005505;0.005476;0.006752;0.006716;0.006730;0.005478;0.006751;0.006727;0.005483;0.005507;0.006753;0.005480;0.006716;0.006737;0.005490;0.006751;0.005482;0.006742;0.006710;0.006697;0.006704;0.005537;0.006735;0.005471;0.006732;0.005467;0.006740;0.006703;0.006712;0.007104;0.006732;0.015009;0.015322;0.014260;0.007497;0.005582;0.006751;0.006722;0.006708;0.006717;0.006706;0.006756;0.006706;0.006715;0.006705;0.006719;0.006753;0.006713;0.005776;0.005648;0.005624;0.006815;0.006756;0.006748;0.006747;0.005715;0.005597;0.005716;0.006776;0.006712;0.005677;0.005496;0.006773;0.005512;0.005501;0.006787;0.006727;0.006712;0.006737;0.006702;0.006704;0.005544;0.006785;0.006721;0.005484;0.005499;0.006749;0.005516;0.006722;0.006810;0.005524;0.005498;0.005483;0.005475;0.005499;0.006754;0.006737;0.006701;0.005649;0.006741;0.005534;static;static,1;1;0
700000;0.029004;0.033292;0.032186;0.032884;0.034230;0.032879;0.034170;0.033282;0.030872;0.030138;0.032760;0.032853;0.033228;0.032894;0.034214;0.031670;0.032013;0.031870;0.034230;0.032061;0.033204;0.033210;0.033250;0.032908;0.033227;0.032918;0.034194;0.032069;0.030045;0.031662;0.032257;0.031669;0.033168;0.034200;0.033161;0.030073;0.031999;0.033281;0.032835;0.032868;0.032813;0.034166;0.033205;0.030118;0.030066;0.032851;0.030043;0.034181;0.033255;0.033174;0.033003;0.031766;0.033139;0.031671;0.034221;0.033275;0.034148;0.030079;0.034170;0.030026;0.031935;0.032829;0.033203;0.031924;0.032862;0.032975;0.032817;0.033206;0.033185;0.029026;0.032874;0.032826;0.033145;0.032961;0.034162;0.033309;0.032783;0.031752;0.033178;0.032816;0.033824;0.030530;0.034213;0.030053;0.033234;0.032811;0.032911;0.031906;0.033215;0.034186;0.030129;0.032935;0.033226;0.030124;0.031905;0.031705;0.032882;0.031847;0.033167;0.034191;0.031714;0.033180;0.032256;0.034199;0.031664;0.032316;0.034192;0.034184;0.033240;0.033136;0.032943;0.034116;0.032820;0.032849;0.032023;0.032883;0.032951;0.033272;0.032806;0.032880;0.032887;0.031915;0.028995;0.031791;0.032876;0.034215;0.033221;0.033165;0.032874;0.033326;0.032109;0.033260;0.031820;0.029413;0.030674;0.032843;0.032852;0.032864;0.031854;0.031935;0.031790;0.031822;0.032909;0.032805;0.032842;0.032829;0.033173;0.031693;0.034205;0.032930;0.030097;0.033217;0.032850;0.032814;0.032813;0.032193;0.032192;0.033194;0.032877;0.033184;0.030093;0.030063;0.032798;0.029243;0.030710;0.033242;0.033215;0.034226;0.031975;0.033215;0.031700;0.033207;0.032372;0.032229;0.032953;0.032807;0.031770;0.032838;0.032839;0.032906;0.031999;0.032980;0.032892;0.032884;0.032848;0.032052;0.032928;0.031908;0.032796;0.031900;0.032168;0.034191;0.032219;0.032881;0.031773;0.033246;0.032197;0.032804;0.032921;0.032876;dynamic;dynamic,1;1;0
700000;0.002373;0.002221;0.002370;0.002567;0.002229;0.002232;0.002369;0.002237;0.002400;0.002148;0.002233;0.002220;0.002377;0.002376;0.002165;0.002159;0.002157;0.002385;0.002391;0.002383;0.002349;0.002175;0.002381;0.002319;0.002385;0.002360;0.002362;0.002277;0.002352;0.002389;0.002370;0.002162;0.002218;0.002391;0.002362;0.002224;0.002147;0.002363;0.002404;0.002154;0.002374;0.002157;0.002387;0.002365;0.002169;0.002367;0.002379;0.002364;0.002320;0.002378;0.002171;0.002371;0.002451;0.002382;0.002366;0.002203;0.002392;0.002380;0.002357;0.002318;0.002374;0.002221;0.002366;0.002382;0.002352;0.002381;0.002238;0.002379;0.002369;0.002171;0.002163;0.002405;0.002219;0.002362;0.002363;0.002373;0.002257;0.002203;0.002383;0.002371;0.002357;0.002360;0.002351;0.002316;0.002358;0.002376;0.002265;0.002180;0.002305;0.002306;0.002389;0.002480;0.002359;0.002381;0.002357;0.002375;0.002358;0.002372;0.002218;0.002177;0.002383;0.002389;0.002546;0.002381;0.002384;0.002374;0.002366;0.002375;0.002386;0.002367;0.002368;0.002350;0.002177;0.002375;0.002322;0.002367;0.002321;0.002207;0.002384;0.002151;0.002164;0.002360;0.002369;0.002223;0.002149;0.002372;0.002365;0.002250;0.002382;0.002419;0.002368;0.002147;0.002206;0.002162;0.002149;0.002367;0.002234;0.002363;0.002361;0.002350;0.002360;0.002388;0.002320;0.002371;0.002162;0.002407;0.002377;0.002205;0.002360;0.002390;0.002190;0.002364;0.002184;0.002360;0.002376;0.002159;0.002332;0.002151;0.002383;0.002378;0.002146;0.002346;0.002362;0.002273;0.002383;0.002189;0.002375;0.002200;0.002367;0.002409;0.002369;0.002256;0.002374;0.002378;0.002362;0.002745;0.002358;0.002379;0.002377;0.002366;0.002369;0.002231;0.002369;0.002385;0.002363;0.002226;0.002371;0.002159;0.002365;0.002374;0.002365;0.002367;0.002365;0.002162;0.002378;0.002370;0.002353;0.002382;0.002371;0.002361;guided;guided,1;1;0
700000;0.002332;0.002319;0.002376;0.002371;0.002383;0.002392;0.002184;0.002404;0.002372;0.002366;0.002369;0.002376;0.002298;0.002390;0.002405;0.002206;0.002385;0.002355;0.002318;0.002400;0.002124;0.002343;0.002361;0.002396;0.002151;0.002360;0.002237;0.002110;0.002352;0.002207;0.002370;0.002352;0.002376;0.002398;0.002405;0.002403;0.002393;0.002378;0.002382;0.002188;0.002410;0.002383;0.002161;0.002377;0.002329;0.002249;0.002456;0.002409;0.002363;0.002167;0.002385;0.002365;0.002391;0.002414;0.002406;0.002355;0.002403;0.002416;0.002356;0.002229;0.002313;0.002356;0.002318;0.002366;0.002460;0.002381;0.002353;0.002369;0.002431;0.002364;0.002330;0.002408;0.002280;0.002361;0.002371;0.002303;0.002312;0.002356;0.002375;0.002139;0.002385;0.002375;0.002384;0.002252;0.002360;0.002396;0.002376;0.002369;0.002264;0.002358;0.002379;0.002362;0.002350;0.002355;0.002364;0.002374;0.002366;0.002372;0.002367;0.002399;0.002364;0.002359;0.002373;0.002322;0.002352;0.002369;0.002356;0.002358;0.002369;0.002363;0.002388;0.002414;0.002362;0.002325;0.002418;0.002429;0.002417;0.002426;0.002367;0.002382;0.002388;0.002337;0.002293;0.002403;0.002395;0.002369;0.002389;0.002360;0.002231;0.002353;0.002372;0.002372;0.002358;0.002353;0.002361;0.002408;0.002333;0.002350;0.002369;0.002375;0.002108;0.002372;0.002363;0.002368;0.002312;0.002379;0.002365;0.002413;0.002366;0.002386;0.002325;0.002377;0.002359;0.002394;0.002370;0.002357;0.002487;0.002353;0.002371;0.002386;0.002429;0.002384;0.002373;0.002319;0.002369;0.002401;0.002363;0.002373;0.002413;0.002368;0.002393;0.002357;0.002369;0.002139;0.002367;0.002366;0.002371;0.002802;0.002361;0.002356;0.002118;0.002419;0.002369;0.002174;0.002366;0.002372;0.002330;0.002292;0.002399;0.002764;0.002370;0.002354;0.002382;0.002350;0.002370;0.002343;0.002370;0.002305;0.002126;0.002378;static;static,87500;87500;8
700000;0.002204;0.002372;0.002399;0.002251;0.002196;0.002386;0.002232;0.002207;0.002238;0.002371;0.002415;0.002547;0.002391;0.002209;0.002397;0.002392;0.002199;0.002190;0.002231;0.002371;0.002368;0.002410;0.002392;0.002192;0.002187;0.002378;0.002355;0.002381;0.002368;0.002199;0.002600;0.002368;0.002374;0.002374;0.002360;0.002366;0.002191;0.002381;0.002378;0.002617;0.002213;0.002389;0.002405;0.002369;0.002367;0.002207;0.002179;0.002466;0.002367;0.002310;0.002379;0.002370;0.002388;0.002355;0.002363;0.002389;0.002366;0.002359;0.002393;0.002386;0.002368;0.002252;0.002394;0.002256;0.002363;0.002412;0.002381;0.002209;0.002234;0.002410;0.002389;0.002424;0.002399;0.002361;0.002417;0.002381;0.002196;0.002432;0.002233;0.002210;0.002362;0.002358;0.002257;0.002404;0.002372;0.002360;0.002238;0.002367;0.002225;0.002417;0.002366;0.002405;0.002306;0.002375;0.002408;0.002372;0.002206;0.002269;0.002602;0.002245;0.002364;0.002374;0.002385;0.002350;0.002409;0.002371;0.002242;0.002371;0.002394;0.002363;0.002369;0.002364;0.002374;0.002260;0.002390;0.002369;0.002355;0.002430;0.002420;0.004078;0.002203;0.002190;0.002372;0.002316;0.002372;0.002290;0.002178;0.002373;0.002361;0.002425;0.002368;0.002282;0.002180;0.002176;0.002221;0.002189;0.002367;0.002370;0.002362;0.002412;0.002348;0.002365;0.002369;0.002387;0.002364;0.002234;0.002371;0.002358;0.002421;0.002360;0.002365;0.002368;0.002380;0.002361;0.002373;0.002366;0.002403;0.002357;0.002362;0.002354;0.002369;0.002321;0.002561;0.002367;0.002402;0.002246;0.002190;0.002355;0.002239;0.002360;0.002190;0.002367;0.002218;0.002211;0.002195;0.002181;0.002204;0.002255;0.002399;0.002364;0.002359;0.002286;0.002367;0.002262;0.002423;0.002280;0.002413;0.002356;0.002389;0.002365;0.002374;0.002200;0.002360;0.002416;0.002193;0.002366;0.002395;0.002375;0.002412;0.002365;static;static,43750;43750;16
700000;0.002204;0.002374;0.002376;0.002369;0.002366;0.002495;0.002251;0.002398;0.002377;0.002368;0.002209;0.002384;0.002356;0.002362;0.002368;0.002369;0.002448;0.002370;0.002381;0.002352;0.002356;0.002381;0.002379;0.002359;0.002371;0.002399;0.002387;0.002365;0.002356;0.002366;0.002370;0.002362;0.002352;0.002284;0.002187;0.002389;0.002396;0.002186;0.002365;0.002375;0.002369;0.002360;0.002371;0.002403;0.002362;0.002169;0.002166;0.002381;0.002382;0.002391;0.002374;0.002391;0.002396;0.002390;0.002324;0.002261;0.002152;0.002370;0.002148;0.002159;0.002198;0.002179;0.002271;0.002365;0.002374;0.002253;0.002387;0.002181;0.002300;0.002374;0.002427;0.002370;0.002261;0.002423;0.002243;0.002390;0.002393;0.002172;0.002426;0.002167;0.002401;0.002402;0.002188;0.002173;0.002228;0.002375;0.002369;0.002222;0.002409;0.002220;0.002368;0.002384;0.002233;0.002390;0.002392;0.002449;0.002369;0.002366;0.002377;0.002196;0.002189;0.002195;0.002155;0.002162;0.002387;0.002369;0.002195;0.002385;0.002384;0.002390;0.002373;0.002384;0.002379;0.002369;0.002403;0.002231;0.002378;0.002424;0.002382;0.002149;0.002226;0.002386;0.002395;0.002353;0.002365;0.002373;0.002377;0.002174;0.002177;0.002371;0.002389;0.002559;0.002261;0.002176;0.002380;0.002273;0.002396;0.002400;0.002320;0.002370;0.002163;0.002293;0.002421;0.002405;0.002216;0.002252;0.002296;0.002375;0.002263;0.002318;0.002233;0.002386;0.002250;0.002417;0.002460;0.002352;0.002437;0.002381;0.002249;0.002267;0.002385;0.002372;0.002590;0.002368;0.002391;0.002355;0.002196;0.002392;0.002385;0.002425;0.002368;0.002355;0.002355;0.002181;0.002186;0.002378;0.002198;0.002137;0.002275;0.002377;0.002380;0.002356;0.002380;0.002364;0.002290;0.002210;0.002393;0.002371;0.002375;0.002170;0.002254;0.002375;0.002304;0.002173;0.002213;0.002386;0.002397;0.002370;0.002402;0.002330;static;static,29166;29166;24
700000;0.002200;0.002424;0.002258;0.002199;0.002260;0.002392;0.002246;0.002387;0.002214;0.002363;0.002223;0.002374;0.002392;0.002375;0.002357;0.002386;0.002400;0.002400;0.002363;0.002379;0.002241;0.002370;0.002214;0.002388;0.002406;0.002355;0.002380;0.002209;0.002199;0.002411;0.002375;0.002380;0.002393;0.002351;0.002581;0.002378;0.002387;0.002371;0.002361;0.002371;0.002362;0.002369;0.002369;0.002398;0.002417;0.002264;0.002389;0.002253;0.002360;0.002581;0.002384;0.002397;0.002269;0.002359;0.002374;0.002238;0.002398;0.002395;0.002370;0.002242;0.002363;0.002394;0.002372;0.002364;0.002240;0.002181;0.002373;0.002401;0.002446;0.002290;0.002385;0.002469;0.002357;0.002253;0.002394;0.002188;0.002237;0.002749;0.002308;0.002365;0.002197;0.002241;0.002431;0.002374;0.002410;0.002219;0.002389;0.002365;0.002394;0.002390;0.002428;0.002393;0.002397;0.002361;0.002358;0.002226;0.002361;0.002369;0.002371;0.002379;0.002386;0.002395;0.002379;0.002361;0.002381;0.002272;0.002365;0.002377;0.002406;0.002449;0.002234;0.002372;0.002246;0.002217;0.002377;0.002373;0.002361;0.002406;0.002381;0.002218;0.002308;0.002371;0.002374;0.002252;0.002407;0.002402;0.002370;0.002298;0.002357;0.002235;0.002378;0.002368;0.002367;0.002397;0.002360;0.002400;0.002370;0.002257;0.002773;0.002375;0.002209;0.002247;0.002398;0.002248;0.002411;0.002370;0.002276;0.002380;0.002249;0.002230;0.002194;0.005333;0.002365;0.002198;0.002217;0.002213;0.002212;0.002193;0.002216;0.002190;0.002185;0.002263;0.002410;0.002223;0.002371;0.002431;0.002383;0.002363;0.002247;0.002304;0.002389;0.002393;0.002360;0.002373;0.002402;0.002340;0.002381;0.002413;0.002371;0.002368;0.002379;0.002207;0.002423;0.002379;0.002399;0.002745;0.002362;0.002280;0.002244;0.002386;0.002252;0.002211;0.002425;0.002385;0.002396;0.002310;0.002379;0.002363;0.002375;0.002357;static;static,21875;21875;32
700000;0.002400;0.002268;0.002475;0.002359;0.002558;0.002402;0.002394;0.002388;0.002459;0.002348;0.002351;0.002369;0.002387;0.002185;0.002387;0.002366;0.002352;0.002346;0.002345;0.002406;0.002375;0.002384;0.002248;0.002327;0.002390;0.002413;0.002462;0.002342;0.002539;0.002394;0.002356;0.002354;0.002403;0.002386;0.002351;0.002357;0.002165;0.002359;0.002379;0.002372;0.002338;0.002336;0.002364;0.002444;0.002332;0.002408;0.002537;0.002408;0.002207;0.002423;0.002124;0.002363;0.002121;0.002232;0.002427;0.002317;0.002370;0.002386;0.002358;0.002360;0.002364;0.002372;0.002337;0.002375;0.002374;0.002382;0.002302;0.002289;0.002406;0.002367;0.002619;0.002289;0.002303;0.002413;0.002387;0.002389;0.002256;0.002370;0.002369;0.002348;0.002399;0.002383;0.002383;0.002406;0.002362;0.002364;0.002349;0.002369;0.002314;0.002161;0.002403;0.002386;0.002299;0.002420;0.002375;0.002253;0.002340;0.002381;0.002364;0.002225;0.002393;0.002368;0.002368;0.002378;0.002408;0.002378;0.002461;0.002450;0.002411;0.002351;0.002418;0.002394;0.002362;0.002377;0.002361;0.002409;0.002367;0.002402;0.002360;0.002528;0.002396;0.002332;0.002391;0.002202;0.002289;0.002400;0.002362;0.002386;0.002391;0.002162;0.002388;0.002398;0.002403;0.002359;0.002377;0.002375;0.002419;0.002369;0.002557;0.002382;0.002370;0.002369;0.002374;0.002402;0.002200;0.002387;0.002362;0.002362;0.002205;0.002354;0.002782;0.002355;0.002387;0.002336;0.002420;0.002358;0.002352;0.002347;0.002362;0.002345;0.002608;0.002349;0.002293;0.002576;0.002374;0.002422;0.002337;0.002353;0.002366;0.002389;0.002322;0.002225;0.002391;0.002362;0.002365;0.002404;0.002378;0.002163;0.002440;0.002329;0.002350;0.002405;0.002393;0.002310;0.002368;0.002115;0.002373;0.002370;0.002158;0.002378;0.002782;0.002370;0.002432;0.002413;0.002342;0.002387;0.002378;0.002368;0.002385;0.002192;dynamic;dynamic,87500;87500;8
700000;0.002291;0.002427;0.002422;0.002452;0.002237;0.002435;0.002354;0.002407;0.002250;0.002374;0.002296;0.002393;0.002383;0.002432;0.002569;0.002386;0.002437;0.002377;0.002391;0.002397;0.002368;0.002358;0.002380;0.002416;0.002439;0.002431;0.002378;0.002391;0.002382;0.002444;0.002236;0.002284;0.002239;0.002375;0.002402;0.002408;0.004213;0.002215;0.002388;0.002391;0.002410;0.002222;0.002399;0.002364;0.002294;0.002403;0.002648;0.002357;0.002372;0.002308;0.002436;0.002191;0.002382;0.002538;0.002330;0.002404;0.002209;0.002433;0.002391;0.002219;0.002391;0.002371;0.002387;0.002717;0.002405;0.002484;0.002384;0.002392;0.002381;0.002428;0.002275;0.002422;0.002371;0.002443;0.002408;0.002403;0.002326;0.002407;0.002212;0.002422;0.002394;0.002422;0.002409;0.002371;0.002369;0.002346;0.002371;0.002407;0.002383;0.002364;0.002386;0.002371;0.002408;0.002402;0.002377;0.002398;0.002497;0.002406;0.002229;0.002366;0.002375;0.002382;0.002424;0.002363;0.002376;0.002365;0.002529;0.002390;0.002290;0.002263;0.002362;0.002191;0.002412;0.002399;0.002564;0.002401;0.002197;0.002393;0.002378;0.002339;0.002396;0.002355;0.002355;0.002258;0.002216;0.002395;0.002378;0.002410;0.002402;0.002352;0.002400;0.002376;0.002387;0.002378;0.002349;0.002389;0.002367;0.002353;0.002244;0.002364;0.002382;0.002438;0.002295;0.002381;0.002230;0.002202;0.002394;0.002396;0.002252;0.002360;0.002220;0.002375;0.002382;0.002370;0.002209;0.002367;0.002354;0.002194;0.002359;0.002263;0.002369;0.002373;0.002356;0.002235;0.002382;0.002205;0.002384;0.002360;0.002392;0.002378;0.002217;0.002376;0.002384;0.002372;0.002362;0.002233;0.002360;0.002401;0.002407;0.002370;0.002390;0.002204;0.002319;0.002400;0.002388;0.002390;0.002295;0.002203;0.002391;0.002416;0.002369;0.002379;0.002379;0.002371;0.002472;0.002291;0.002366;0.002369;0.002409;0.002305;dynamic;dynamic,43750;43750;16
700000;0.002175;0.002366;0.002264;0.002509;0.002379;0.002448;0.002252;0.002280;0.002372;0.002373;0.002251;0.002149;0.002370;0.002370;0.002444;0.002372;0.002148;0.002374;0.002399;0.002197;0.002392;0.002202;0.002189;0.002183;0.002378;0.002286;0.002227;0.002254;0.002237;0.002216;0.002380;0.002236;0.002369;0.002272;0.008094;0.007808;0.007679;0.009790;0.009866;0.008101;0.008547;0.010073;0.007911;0.009675;0.009535;0.002372;0.002378;0.002357;0.002370;0.002481;0.002363;0.002266;0.002360;0.002404;0.002295;0.002191;0.002167;0.002184;0.002389;0.002382;0.002377;0.002367;0.002394;0.002382;0.002196;0.002368;0.002292;0.002307;0.002268;0.002410;0.002395;0.002351;0.002192;0.002287;0.002377;0.002191;0.002156;0.002181;0.002288;0.002372;0.002414;0.002285;0.002387;0.002427;0.002253;0.002273;0.002409;0.002379;0.002535;0.002359;0.002375;0.002393;0.002248;0.002365;0.002276;0.002196;0.002250;0.002374;0.002343;0.002400;0.002235;0.002140;0.002382;0.002363;0.002401;0.002379;0.002276;0.002168;0.002356;0.002268;0.002167;0.002365;0.002178;0.002255;0.002383;0.002462;0.002417;0.002346;0.002360;0.002155;0.002311;0.002375;0.002358;0.002162;0.002363;0.002409;0.002376;0.002406;0.002243;0.002248;0.002172;0.002294;0.002164;0.002259;0.002261;0.002419;0.002293;0.002391;0.002382;0.002315;0.002205;0.002379;0.002351;0.002362;0.002369;0.002359;0.002261;0.002362;0.002376;0.002368;0.002390;0.002358;0.002166;0.002210;0.002394;0.002231;0.002362;0.002353;0.002376;0.002373;0.002291;0.002378;0.002443;0.002356;0.002359;0.002347;0.002360;0.002372;0.002352;0.002366;0.002282;0.002360;0.002380;0.002351;0.002356;0.002436;0.002407;0.002178;0.002374;0.002384;0.002291;0.002353;0.002388;0.002431;0.002361;0.002402;0.002356;0.002240;0.002386;0.002397;0.002410;0.002381;0.002379;0.002379;0.002246;0.002400;0.002375;0.002408;0.002241;0.002354;dynamic;dynamic,29166;29166;24
700000;0.002370;0.002398;0.002374;0.002411;0.002422;0.002216;0.002379;0.002547;0.002392;0.002235;0.002411;0.002423;0.002208;0.002357;0.002354;0.002363;0.002269;0.002230;0.002388;0.002403;0.002391;0.002388;0.002428;0.002406;0.002283;0.002397;0.002302;0.002440;0.002393;0.002240;0.002346;0.002472;0.002371;0.002574;0.002374;0.002267;0.002424;0.002210;0.002403;0.002378;0.002281;0.002397;0.002190;0.002230;0.002372;0.002808;0.002246;0.002356;0.002428;0.002371;0.002210;0.002384;0.002366;0.002386;0.002406;0.002365;0.002373;0.002391;0.002392;0.002374;0.002392;0.002350;0.002375;0.002383;0.002242;0.002367;0.002303;0.002421;0.002424;0.002236;0.002399;0.002384;0.002392;0.002216;0.002371;0.002394;0.002411;0.002398;0.002398;0.002362;0.002317;0.002319;0.002471;0.002383;0.002366;0.002404;0.002400;0.002217;0.002392;0.002422;0.002356;0.002199;0.002371;0.002236;0.002399;0.002228;0.002390;0.002387;0.002383;0.002395;0.002367;0.002363;0.002209;0.002229;0.002377;0.002415;0.002429;0.002409;0.002357;0.002380;0.002269;0.002386;0.002408;0.002386;0.002371;0.002196;0.002365;0.002394;0.002187;0.002374;0.002367;0.002397;0.002375;0.002378;0.002430;0.002448;0.002358;0.002378;0.002394;0.002362;0.002406;0.002365;0.002392;0.002402;0.002203;0.002391;0.002226;0.002364;0.002361;0.002384;0.002384;0.002292;0.002191;0.002395;0.002286;0.002454;0.002420;0.002265;0.002374;0.002285;0.002394;0.002257;0.002400;0.002423;0.002383;0.002374;0.002306;0.002275;0.002372;0.002376;0.002291;0.002415;0.002372;0.002233;0.002173;0.002393;0.002363;0.002360;0.002228;0.002378;0.002372;0.002386;0.002360;0.002240;0.002308;0.002375;0.002370;0.002212;0.002699;0.002373;0.002378;0.002357;0.002387;0.002405;0.002276;0.002258;0.002221;0.002253;0.002194;0.002395;0.002379;0.002381;0.002388;0.002371;0.002257;0.002382;0.002375;0.002396;0.002386;0.002371;dynamic;dynamic,21875;21875;32
700000;0.002476;0.002527;0.002585;0.002496;0.002511;0.002510;0.002500;0.002500;0.002361;0.002539;0.002506;0.002516;0.002485;0.002518;0.002522;0.002493;0.002262;0.002502;0.002495;0.002507;0.002502;0.002521;0.002505;0.002477;0.002483;0.002495;0.002500;0.002515;0.002493;0.002485;0.002475;0.002409;0.002358;0.002366;0.002538;0.002525;0.005010;0.002379;0.002507;0.002257;0.002272;0.002396;0.002311;0.002530;0.002510;0.002334;0.002518;0.002529;0.002291;0.002489;0.002491;0.002351;0.002514;0.002507;0.002438;0.002235;0.002299;0.002500;0.002496;0.002528;0.002497;0.002311;0.002527;0.002445;0.002491;0.002531;0.002238;0.002488;0.002568;0.002526;0.002489;0.002480;0.002500;0.002478;0.002494;0.002476;0.002602;0.002492;0.002467;0.002526;0.002533;0.002513;0.002493;0.002297;0.002223;0.002491;0.002493;0.002481;0.002262;0.002492;0.002486;0.002342;0.002489;0.002503;0.002499;0.002484;0.002435;0.002491;0.002516;0.002514;0.002499;0.002574;0.002578;0.002492;0.002509;0.002491;0.002496;0.002499;0.002492;0.002637;0.002516;0.002344;0.002501;0.002434;0.002503;0.002495;0.002529;0.002519;0.002312;0.002426;0.002514;0.002491;0.002491;0.002469;0.002506;0.002500;0.002536;0.002514;0.002484;0.002492;0.002327;0.002413;0.002488;0.002268;0.002482;0.002483;0.002489;0.002505;0.002510;0.002538;0.002503;0.002489;0.002300;0.002425;0.002506;0.002430;0.002265;0.002490;0.002500;0.002498;0.002494;0.002284;0.002501;0.002491;0.002501;0.002503;0.002504;0.002509;0.002499;0.002500;0.002521;0.002467;0.002494;0.002532;0.002412;0.002676;0.002527;0.002492;0.002417;0.002479;0.002529;0.002437;0.002538;0.002275;0.002322;0.002663;0.002511;0.002303;0.002402;0.002500;0.002517;0.002477;0.002512;0.002325;0.002538;0.002500;0.002483;0.002260;0.002484;0.002462;0.002505;0.002519;0.002338;0.002456;0.002224;0.002523;0.002321;0.002496;0.002505;0.002505;guided;guided,87500;87500;8
700000;0.002396;0.002246;0.002398;0.002262;0.002295;0.002230;0.002215;0.002545;0.002387;0.002437;0.002387;0.002384;0.002322;0.002811;0.002193;0.002396;0.002408;0.002386;0.002384;0.002387;0.004301;0.002361;0.002395;0.002373;0.002434;0.002384;0.002428;0.002328;0.002431;0.002385;0.002421;0.002411;0.002377;0.002401;0.002344;0.002415;0.002428;0.002370;0.002390;0.002401;0.002409;0.002231;0.002219;0.002420;0.002280;0.002440;0.002255;0.002387;0.002389;0.002226;0.002405;0.002210;0.002423;0.002394;0.002393;0.002551;0.002341;0.002239;0.002220;0.002763;0.002407;0.002215;0.002221;0.002390;0.003594;0.002404;0.002412;0.002377;0.002383;0.002427;0.002398;0.002399;0.002408;0.002383;0.002341;0.002395;0.002411;0.002404;0.002388;0.002504;0.002328;0.002382;0.002331;0.002578;0.002387;0.002367;0.002375;0.002391;0.002211;0.002373;0.002402;0.002324;0.002314;0.002217;0.002194;0.002407;0.002381;0.002288;0.002404;0.002422;0.002399;0.002434;0.002394;0.002411;0.002425;0.002403;0.002425;0.002389;0.002215;0.002368;0.002287;0.002416;0.002417;0.002232;0.002326;0.002320;0.002460;0.002423;0.002386;0.002396;0.002381;0.002382;0.002484;0.002414;0.002383;0.002782;0.002373;0.002292;0.002513;0.002230;0.002404;0.002400;0.002382;0.002394;0.002279;0.002322;0.002282;0.002207;0.002338;0.002438;0.002421;0.002413;0.002380;0.002282;0.002394;0.002401;0.002319;0.002406;0.002413;0.002401;0.002287;0.002400;0.002402;0.002384;0.002406;0.002382;0.002396;0.002208;0.002390;0.002402;0.002200;0.002383;0.002374;0.002424;0.002751;0.002376;0.002392;0.002399;0.002382;0.002415;0.002296;0.002371;0.002242;0.002414;0.002409;0.002816;0.002380;0.002380;0.002379;0.002390;0.002375;0.002403;0.002267;0.002393;0.002416;0.002295;0.002231;0.002415;0.002430;0.002402;0.002400;0.002363;0.002414;0.002380;0.002385;0.002393;0.002414;0.002201;0.002386;0.002196;guided;guided,43750;43750;16
700000;0.002565;0.002552;0.002317;0.002295;0.002585;0.002553;0.002552;0.002565;0.002384;0.002555;0.002566;0.002532;0.002538;0.002555;0.002525;0.002546;0.002383;0.002392;0.002305;0.002293;0.002429;0.002558;0.002341;0.002541;0.002375;0.002287;0.002545;0.002325;0.002530;0.002532;0.002574;0.002527;0.002527;0.002536;0.002549;0.002322;0.002566;0.002558;0.002298;0.002900;0.002304;0.002306;0.002556;0.002553;0.002319;0.002570;0.002343;0.002523;0.002561;0.002363;0.002533;0.002522;0.002543;0.002544;0.002563;0.002370;0.002536;0.002532;0.002537;0.002557;0.002331;0.002543;0.002532;0.002557;0.002543;0.002537;0.002535;0.002377;0.002550;0.002566;0.002536;0.002580;0.002561;0.002307;0.002547;0.002523;0.002547;0.002342;0.002539;0.002512;0.002571;0.002329;0.002544;0.002571;0.002743;0.002289;0.002540;0.002558;0.002413;0.002639;0.002536;0.002551;0.002538;0.002574;0.002388;0.002533;0.002381;0.002574;0.002568;0.002553;0.002559;0.002374;0.002548;0.002549;0.002320;0.002559;0.002360;0.002563;0.002346;0.002297;0.002296;0.002349;0.002434;0.002310;0.002328;0.002606;0.002339;0.002560;0.002559;0.002518;0.002387;0.002544;0.002575;0.002588;0.002543;0.002549;0.002324;0.002548;0.002304;0.002561;0.002545;0.002302;0.002557;0.002385;0.002402;0.002333;0.002588;0.002534;0.002594;0.002342;0.002560;0.002307;0.002536;0.002539;0.002575;0.002545;0.002491;0.002331;0.002551;0.002346;0.002286;0.002543;0.002573;0.002474;0.002569;0.002559;0.002383;0.002549;0.002530;0.004406;0.002550;0.002535;0.002553;0.002547;0.002381;0.002564;0.002553;0.002556;0.002532;0.002539;0.002585;0.002563;0.002544;0.002332;0.002548;0.002373;0.002553;0.002578;0.002591;0.002542;0.002307;0.002544;0.002476;0.002545;0.002552;0.002534;0.002572;0.002349;0.002391;0.002377;0.002550;0.002546;0.002380;0.002429;0.002369;0.002563;0.002318;0.002571;0.002541;0.002552;guided;guided,29166;29166;24
700000;0.002463;0.002258;0.002465;0.002211;0.002213;0.002439;0.002471;0.002473;0.002226;0.002394;0.002454;0.002463;0.002441;0.002323;0.002335;0.002511;0.002457;0.002463;0.002465;0.002437;0.002303;0.002336;0.002281;0.002240;0.002479;0.002838;0.002462;0.002473;0.002449;0.002230;0.002410;0.002492;0.002441;0.002457;0.002281;0.002462;0.002473;0.002457;0.002440;0.002552;0.002459;0.002446;0.002454;0.002451;0.002344;0.002330;0.002470;0.002466;0.002240;0.002473;0.002476;0.002462;0.002342;0.002526;0.002505;0.002455;0.002473;0.002496;0.002326;0.002493;0.002252;0.002304;0.002549;0.002625;0.002445;0.002484;0.002458;0.002474;0.002447;0.002439;0.002454;0.002430;0.002196;0.002449;0.002450;0.002444;0.002447;0.002434;0.002449;0.002450;0.002403;0.002208;0.002450;0.002318;0.002235;0.002446;0.002233;0.002441;0.002349;0.002227;0.002625;0.002456;0.002467;0.002341;0.002892;0.002470;0.002451;0.002441;0.002458;0.002442;0.002425;0.002318;0.002358;0.002311;0.002472;0.002373;0.002466;0.002466;0.002440;0.002498;0.002478;0.002457;0.002449;0.002465;0.002473;0.002355;0.002507;0.002296;0.002451;0.002255;0.002369;0.002502;0.002333;0.002316;0.002485;0.002274;0.002472;0.002456;0.002332;0.002298;0.002459;0.002451;0.002449;0.002226;0.002432;0.002265;0.002227;0.002473;0.002468;0.004136;0.002460;0.002447;0.002441;0.002258;0.002435;0.002451;0.002450;0.002218;0.002434;0.002483;0.002451;0.002255;0.002432;0.002468;0.002454;0.002243;0.002454;0.002438;0.002428;0.002436;0.002447;0.002463;0.002391;0.002479;0.002459;0.002370;0.002321;0.002427;0.002492;0.002450;0.002482;0.002456;0.002420;0.002467;0.002386;0.002478;0.002314;0.002461;0.002326;0.002475;0.002507;0.002505;0.002437;0.002436;0.002336;0.002444;0.002438;0.002480;0.002446;0.002468;0.002403;0.002332;0.002228;0.002482;0.002455;0.002477;0.002331;0.002472;0.002459;0.002459;guided;guided,21875;21875;32
800000;0.009027;0.010255;0.009019;0.009030;0.010273;0.010201;0.010226;0.009011;0.009003;0.008997;0.010222;0.008997;0.010732;0.009021;0.009031;0.010277;0.009040;0.009020;0.009009;0.009039;0.009064;0.010243;0.010219;0.009012;0.009015;0.009048;0.010216;0.009066;0.010252;0.009017;0.009030;0.009013;0.009017;0.009008;0.010251;0.008817;0.010245;0.009007;0.010211;0.010235;0.010227;0.009022;0.010238;0.009014;0.010267;0.010256;0.010228;0.010240;0.009066;0.010272;0.009036;0.010236;0.008999;0.010239;0.010205;0.010213;0.009027;0.009010;0.010224;0.010230;0.009004;0.009031;0.010227;0.009044;0.009001;0.010247;0.010224;0.009555;0.009011;0.010707;0.009007;0.011783;0.010250;0.008991;0.010251;0.009014;0.010242;0.009034;0.010239;0.010243;0.010228;0.010209;0.010229;0.009065;0.010236;0.010210;0.009012;0.010223;0.010250;0.008994;0.010212;0.010228;0.009038;0.010245;0.008994;0.009006;0.010214;0.009023;0.010224;0.010200;0.010263;0.009041;0.009056;0.010386;0.010265;0.009084;0.009052;0.010301;0.009053;0.009052;0.010282;0.009082;0.009199;0.009077;0.010302;0.009031;0.009050;0.009080;0.010340;0.010246;0.009049;0.009037;0.009066;0.010274;0.008988;0.010238;0.009044;0.010216;0.008999;0.010214;0.010585;0.009036;0.010256;0.009012;0.009020;0.009015;0.010222;0.009002;0.010313;0.009004;0.009009;0.008993;0.010216;0.010222;0.009017;0.009001;0.010600;0.010238;0.008995;0.010218;0.009015;0.008994;0.010227;0.010248;0.010219;0.009003;0.008992;0.009017;0.010238;0.009028;0.010213;0.009026;0.010194;0.009033;0.010252;0.009022;0.010273;0.010220;0.010223;0.010218;0.010228;0.009086;0.009051;0.010248;0.010196;0.010226;0.010213;0.010216;0.010253;0.009003;0.009049;0.010225;0.009016;0.009037;0.009042;0.010272;0.010240;0.010273;0.010213;0.009016;0.009005;0.010226;0.010253;0.012015;0.010261;0.009024;0.009004;0.009031;0.010218;0.010279;seq;seq;0;0
800000;0.002699;0.002685;0.002683;0.003001;0.002766;0.002686;0.002729;0.002926;0.002758;0.002719;0.002685;0.002704;0.002715;0.002672;0.002695;0.002712;0.002679;0.002753;0.002698;0.002751;0.002762;0.010383;0.010217;0.008634;0.002674;0.002766;0.002723;0.002699;0.002675;0.002716;0.002701;0.002673;0.002702;0.009547;0.011835;0.002758;0.002892;0.002674;0.002889;0.002656;0.002676;0.002726;0.002725;0.002659;0.002678;0.002694;0.002609;0.002644;0.002670;0.002913;0.002664;0.002764;0.002693;0.002685;0.002739;0.002784;0.002691;0.002665;0.002676;0.002711;0.002692;0.002681;0.002700;0.002721;0.002758;0.002665;0.002670;0.002703;0.002728;0.002704;0.002668;0.002988;0.002689;0.002696;0.002662;0.002683;0.002716;0.003012;0.002711;0.002719;0.002724;0.002659;0.002675;0.002721;0.002676;0.002658;0.002640;0.002687;0.002692;0.002710;0.002680;0.002771;0.002682;0.002712;0.002744;0.002717;0.002683;0.002665;0.002787;0.002688;0.002704;0.002679;0.002670;0.002720;0.002609;0.002732;0.002661;0.002668;0.002679;0.002690;0.002646;0.002685;0.002750;0.002688;0.002670;0.002736;0.003001;0.002647;0.002732;0.002709;0.002715;0.002654;0.002821;0.002720;0.002694;0.002655;0.002715;0.002612;0.002715;0.002696;0.002694;0.002616;0.002699;0.002617;0.002640;0.002742;0.002658;0.002690;0.002736;0.002688;0.002679;0.002712;0.002690;0.002702;0.002875;0.002708;0.002668;0.002885;0.002683;0.002705;0.002648;0.002695;0.005643;0.005627;0.010268;0.009597;0.007987;0.002687;0.002666;0.002705;0.002703;0.002695;0.002672;0.002943;0.002709;0.002653;0.002644;0.002839;0.002658;0.002730;0.002721;0.002858;0.002720;0.002658;0.002757;0.002688;0.002704;0.002682;0.002648;0.002707;0.002678;0.002715;0.005505;0.002617;0.002708;0.002671;0.002657;0.002712;0.002664;0.002673;0.002716;0.002680;0.002658;0.002677;0.002731;0.002675;0.002668;0.002659;0.002677;0.002676;auto;auto;0;0
800000;0.007640;0.006429;0.007694;0.007696;0.006625;0.006451;0.006475;0.007733;0.006516;0.007678;0.006418;0.006425;0.006467;0.006421;0.007780;0.006457;0.007690;0.007668;0.007634;0.006570;0.007674;0.013176;0.007670;0.007693;0.006681;0.006413;0.006516;0.007772;0.007695;0.006492;0.006432;0.007693;0.006484;0.006500;0.006446;0.007693;0.006422;0.007679;0.007674;0.006418;0.006400;0.006405;0.007671;0.006438;0.006411;0.006465;0.007692;0.006430;0.007676;0.007630;0.006544;0.007704;0.006493;0.006409;0.006426;0.006407;0.006374;0.011029;0.007666;0.007697;0.006488;0.007723;0.007685;0.007769;0.007647;0.007717;0.006606;0.007667;0.006436;0.006465;0.006434;0.006428;0.006426;0.007739;0.007697;0.007667;0.006455;0.006411;0.006419;0.006487;0.007734;0.007680;0.006483;0.006437;0.007705;0.006426;0.006411;0.006431;0.006418;0.006433;0.006588;0.006423;0.007710;0.006458;0.006402;0.007660;0.006401;0.006407;0.006440;0.006410;0.006406;0.006437;0.006463;0.007753;0.006487;0.007692;0.006587;0.008826;0.007709;0.008469;0.006450;0.007686;0.006456;0.007694;0.006411;0.007702;0.007692;0.007644;0.006457;0.007663;0.006429;0.007668;0.007665;0.006455;0.007692;0.007649;0.007872;0.006436;0.006422;0.006476;0.007749;0.007723;0.006442;0.007703;0.007682;0.006474;0.006419;0.007693;0.007694;0.006422;0.007967;0.006451;0.007711;0.006451;0.007727;0.006468;0.006463;0.007718;0.006517;0.013001;0.007749;0.006440;0.007706;0.007649;0.007650;0.006511;0.006510;0.006421;0.006449;0.007693;0.006488;0.006473;0.007704;0.006410;0.006528;0.007676;0.007662;0.007649;0.007688;0.006469;0.006431;0.006549;0.007718;0.007685;0.006454;0.007696;0.007677;0.006420;0.007689;0.007625;0.006414;0.006401;0.006431;0.006418;0.006434;0.006426;0.006436;0.006423;0.007707;0.006421;0.007667;0.007683;0.006408;0.007682;0.006466;0.006420;0.007728;0.007659;0.006448;0.007664;static;static,1;1;0
800000;0.034344;0.034366;0.038078;0.036428;0.035215;0.037535;0.037890;0.034346;0.037592;0.037714;0.037102;0.036473;0.036596;0.037636;0.033429;0.036938;0.037238;0.036753;0.037992;0.037519;0.038496;0.036705;0.037936;0.036813;0.036879;0.038332;0.035352;0.037022;0.037497;0.037126;0.035503;0.038275;0.033238;0.038281;0.036876;0.036891;0.037950;0.035519;0.039229;0.038788;0.037192;0.037498;0.036160;0.035298;0.034339;0.034490;0.037953;0.036894;0.036462;0.033581;0.037997;0.037203;0.039107;0.034741;0.036592;0.034366;0.038002;0.034894;0.033471;0.038073;0.038056;0.037979;0.033320;0.038056;0.038177;0.037952;0.034373;0.037490;0.037333;0.037490;0.034363;0.037938;0.036994;0.036873;0.037016;0.037536;0.035191;0.036254;0.036602;0.037683;0.036936;0.039039;0.037295;0.037498;0.036883;0.037292;0.037632;0.035220;0.036855;0.039057;0.033303;0.038015;0.037885;0.038357;0.037989;0.037097;0.036904;0.036919;0.037625;0.038002;0.036210;0.036980;0.035174;0.039010;0.036928;0.035224;0.034391;0.038056;0.037518;0.037267;0.036231;0.037580;0.037619;0.034353;0.036188;0.037957;0.036906;0.036243;0.034460;0.038217;0.037571;0.035192;0.037898;0.037917;0.037615;0.036539;0.037462;0.037664;0.036927;0.038364;0.035273;0.036883;0.036207;0.039108;0.037481;0.035293;0.037440;0.038811;0.040880;0.042997;0.044744;0.042166;0.040854;0.043683;0.043445;0.045350;0.044321;0.045824;0.041783;0.040886;0.039476;0.039151;0.037876;0.044446;0.045379;0.036984;0.038592;0.040823;0.039881;0.039432;0.035375;0.039460;0.037640;0.039040;0.037453;0.037714;0.035374;0.036566;0.036453;0.036652;0.035155;0.038064;0.038086;0.037882;0.039036;0.036550;0.036861;0.037587;0.033371;0.038299;0.037973;0.038995;0.036646;0.037529;0.037569;0.037964;0.037967;0.033312;0.034333;0.036435;0.036883;0.035172;0.037674;0.037639;0.038007;0.038162;0.037624;0.036551;0.035307;0.033294;dynamic;dynamic,1;1;0
800000;0.002697;0.002699;0.002494;0.002693;0.002686;0.002684;0.002693;0.002685;0.002677;0.002691;0.002510;0.002522;0.002688;0.002702;0.002684;0.002675;0.002689;0.002535;0.002702;0.002544;0.002715;0.002492;0.002625;0.002491;0.002538;0.002704;0.002780;0.002492;0.002700;0.002688;0.002684;0.002686;0.002675;0.002691;0.002698;0.002684;0.002610;0.002662;0.002693;0.002715;0.002674;0.002537;0.002682;0.002697;0.002681;0.002650;0.002771;0.002680;0.002535;0.002506;0.002514;0.002647;0.002481;0.002700;0.002491;0.002720;0.002690;0.002464;0.002477;0.002507;0.002475;0.002684;0.002463;0.002655;0.002678;0.002711;0.002606;0.002701;0.002670;0.002675;0.002693;0.002673;0.002674;0.002543;0.002683;0.002691;0.002672;0.002487;0.002497;0.002488;0.002497;0.002704;0.002480;0.002595;0.002654;0.002560;0.002680;0.002693;0.002492;0.002688;0.002675;0.002688;0.002477;0.002475;0.002636;0.002693;0.002680;0.002682;0.002577;0.002683;0.002477;0.003276;0.002695;0.002714;0.002691;0.002709;0.002526;0.002718;0.002683;0.002484;0.002671;0.002564;0.002524;0.002683;0.002701;0.002536;0.002719;0.002621;0.002590;0.002662;0.002605;0.002679;0.002683;0.002649;0.002695;0.002710;0.002599;0.002687;0.002534;0.002533;0.002694;0.002503;0.002689;0.002716;0.002520;0.002673;0.002666;0.002693;0.002539;0.002455;0.002564;0.002695;0.002467;0.002669;0.002521;0.002660;0.002698;0.002678;0.002676;0.002650;0.002696;0.002671;0.002668;0.003128;0.002692;0.002679;0.002697;0.002713;0.002568;0.002710;0.002705;0.002489;0.002497;0.002460;0.002741;0.002664;0.002577;0.002710;0.002710;0.002674;0.002681;0.002671;0.002666;0.002717;0.002503;0.002510;0.002691;0.002659;0.002476;0.002700;0.002631;0.002649;0.002689;0.002505;0.002701;0.002653;0.002686;0.002699;0.002634;0.002638;0.002709;0.002719;0.002458;0.002696;0.002665;0.008518;0.002694;0.002554;0.002715;0.002671;guided;guided,1;1;0
800000;0.002703;0.002637;0.002404;0.002759;0.002688;0.002416;0.002610;0.002675;0.002690;0.002667;0.002706;0.002478;0.002679;0.002687;0.002671;0.002693;0.002531;0.002592;0.002687;0.002394;0.002604;0.002683;0.002422;0.002675;0.002668;0.002692;0.002619;0.002687;0.002710;0.002614;0.002692;0.002665;0.002416;0.002632;0.002404;0.002390;0.002697;0.002672;0.002400;0.002607;0.002618;0.002684;0.002694;0.002621;0.002666;0.002678;0.002603;0.002513;0.002601;0.002424;0.002695;0.002482;0.002593;0.002713;0.002681;0.002676;0.002651;0.002691;0.002604;0.002414;0.002516;0.002677;0.002601;0.002423;0.002689;0.002586;0.002630;0.002644;0.002621;0.002563;0.002573;0.002704;0.002650;0.002574;0.002722;0.002648;0.002424;0.002677;0.002417;0.002624;0.002695;0.002604;0.002686;0.002954;0.002697;0.002682;0.002559;0.002672;0.002616;0.002566;0.003174;0.002702;0.002674;0.002457;0.002609;0.002403;0.002668;0.002592;0.002707;0.002623;0.002615;0.002592;0.002615;0.002618;0.002687;0.002527;0.002523;0.002732;0.002724;0.002678;0.002625;0.002419;0.002697;0.002529;0.002593;0.002634;0.002618;0.002603;0.002618;0.002516;0.002682;0.002559;0.002417;0.002692;0.002680;0.002644;0.002735;0.002566;0.002563;0.002915;0.002431;0.002728;0.002589;0.002864;0.002633;0.002702;0.002403;0.002557;0.002414;0.002599;0.002713;0.002687;0.002675;0.002635;0.002577;0.002718;0.002401;0.002423;0.002493;0.002685;0.002683;0.002694;0.002680;0.002716;0.002598;0.002697;0.002670;0.002641;0.002704;0.002615;0.002689;0.002427;0.002560;0.002740;0.002701;0.002733;0.002411;0.002412;0.002687;0.002712;0.002715;0.002667;0.002676;0.002403;0.002606;0.002588;0.002711;0.002622;0.002670;0.002735;0.002700;0.002680;0.002404;0.002699;0.002714;0.002607;0.002590;0.002702;0.002730;0.002687;0.002690;0.002669;0.002726;0.002707;0.002457;0.002664;0.003125;0.002713;0.002712;0.002613;static;static,100000;100000;8
800000;0.004367;0.002718;0.002642;0.002450;0.002606;0.009537;0.010304;0.010325;0.005548;0.002691;0.002527;0.002551;0.002709;0.002710;0.002693;0.002577;0.002695;0.002604;0.002709;0.002742;0.002617;0.002706;0.002650;0.002550;0.002770;0.002657;0.002521;0.002654;0.002626;0.002456;0.002696;0.002704;0.002728;0.002485;0.002574;0.002702;0.002592;0.002641;0.002478;0.002894;0.003067;0.002454;0.002686;0.002470;0.002713;0.002655;0.002726;0.002682;0.002548;0.002501;0.002459;0.002697;0.002673;0.002702;0.002677;0.002513;0.002718;0.002694;0.002681;0.002691;0.002595;0.002459;0.002710;0.002675;0.002612;0.002491;0.002694;0.002715;0.002489;0.002472;0.002685;0.002447;0.002688;0.002695;0.002698;0.002651;0.002727;0.002523;0.002675;0.002459;0.002704;0.002687;0.002715;0.002512;0.002678;0.002609;0.002709;0.002507;0.002613;0.002707;0.002682;0.002471;0.002634;0.002691;0.002730;0.002638;0.002614;0.002723;0.002696;0.002715;0.002745;0.002691;0.002583;0.002556;0.002718;0.002593;0.002542;0.002738;0.002693;0.002703;0.002929;0.002736;0.002849;0.002723;0.002680;0.002699;0.002540;0.002681;0.002535;0.002692;0.002669;0.002597;0.002519;0.002703;0.002665;0.002722;0.002480;0.002706;0.002698;0.002718;0.002509;0.002738;0.002704;0.002563;0.002670;0.002514;0.002516;0.002522;0.002874;0.002592;0.002630;0.002685;0.002734;0.002720;0.002620;0.004909;0.002448;0.002686;0.002598;0.002704;0.002710;0.002686;0.002687;0.002536;0.002712;0.002457;0.002693;0.002731;0.002723;0.002507;0.002686;0.002525;0.002474;0.002450;0.002606;0.002540;0.002722;0.002539;0.002720;0.002479;0.002518;0.002685;0.002712;0.002610;0.002627;0.002702;0.002719;0.002465;0.002431;0.002742;0.002674;0.002693;0.002685;0.002476;0.002596;0.002683;0.002448;0.002452;0.002699;0.002720;0.002694;0.002496;0.002527;0.002726;0.002692;0.002720;0.002533;0.002467;0.002660;0.011737;static;static,50000;50000;16
800000;0.002942;0.002720;0.002715;0.002743;0.002714;0.002787;0.002534;0.002655;0.002719;0.002527;0.002773;0.002636;0.002724;0.002569;0.002607;0.002516;0.002742;0.002524;0.002690;0.002596;0.002751;0.002566;0.002676;0.002533;0.002688;0.002683;0.002664;0.002526;0.002565;0.002730;0.002677;0.002589;0.002565;0.002535;0.002563;0.002628;0.002575;0.002707;0.002527;0.002722;0.002524;0.002689;0.002663;0.002707;0.002839;0.002544;0.002702;0.002716;0.002676;0.002678;0.002683;0.002688;0.002518;0.002697;0.002678;0.002691;0.002500;0.002516;0.002540;0.002494;0.002693;0.002706;0.002560;0.002741;0.002558;0.002674;0.002583;0.002542;0.002520;0.002629;0.002712;0.002664;0.002607;0.002730;0.002555;0.002610;0.002573;0.002547;0.002494;0.002560;0.002673;0.002740;0.002684;0.002612;0.002508;0.002537;0.002528;0.002705;0.002527;0.002569;0.002692;0.002690;0.002724;0.002550;0.002707;0.002555;0.002525;0.002685;0.002704;0.002509;0.002540;0.002764;0.002701;0.002688;0.002541;0.002697;0.002720;0.002693;0.002539;0.002688;0.002496;0.003920;0.002716;0.002566;0.002614;0.002538;0.002591;0.002551;0.002719;0.002520;0.002530;0.002572;0.002754;0.002674;0.002760;0.002524;0.002607;0.002749;0.002551;0.002592;0.002745;0.002732;0.002703;0.002576;0.002550;0.002720;0.002547;0.002498;0.002680;0.002731;0.002579;0.002714;0.002489;0.002522;0.002532;0.002699;0.002680;0.002536;0.002719;0.002845;0.002665;0.002716;0.002591;0.002719;0.002562;0.002698;0.002502;0.002532;0.002701;0.002565;0.002555;0.002595;0.002542;0.002524;0.002734;0.002703;0.002606;0.008042;0.002545;0.002752;0.002684;0.002705;0.002726;0.002537;0.002497;0.002542;0.002710;0.002693;0.002689;0.003065;0.002559;0.002680;0.002500;0.002674;0.002563;0.002703;0.002743;0.002567;0.002520;0.002511;0.002702;0.002741;0.002711;0.002514;0.002618;0.002541;0.002558;0.002568;0.002682;0.002576;static;static,33333;33333;24
800000;0.002689;0.002775;0.002720;0.002684;0.002722;0.002668;0.002513;0.002515;0.002541;0.002702;0.002541;0.002523;0.002623;0.002550;0.002535;0.002521;0.002714;0.002542;0.002531;0.002461;0.002698;0.002612;0.002901;0.002699;0.002540;0.002884;0.002565;0.002509;0.002718;0.002722;0.002683;0.002697;0.002648;0.002698;0.002934;0.002732;0.002743;0.002560;0.002725;0.002853;0.002561;0.002733;0.002526;0.002538;0.002689;0.002576;0.002696;0.002496;0.002579;0.002696;0.002541;0.002547;0.002694;0.002547;0.002568;0.002601;0.002768;0.002699;0.002546;0.002723;0.002686;0.002689;0.002721;0.002729;0.002572;0.002525;0.002513;0.002549;0.002701;0.002601;0.002580;0.002728;0.002533;0.002606;0.002481;0.002723;0.002725;0.002568;0.002699;0.002689;0.002724;0.002728;0.003238;0.002749;0.002663;0.002735;0.002644;0.002467;0.002533;0.002570;0.002536;0.002498;0.002563;0.002559;0.002714;0.002757;0.002538;0.002701;0.002505;0.002528;0.002699;0.002696;0.002695;0.002563;0.002575;0.002603;0.002696;0.002714;0.002727;0.002737;0.002583;0.002539;0.002539;0.002538;0.002698;0.002711;0.002744;0.002678;0.002691;0.002713;0.002687;0.002555;0.002620;0.002474;0.002744;0.002531;0.002550;0.002724;0.002906;0.002522;0.002597;0.002468;0.002528;0.002717;0.002676;0.002486;0.002688;0.002562;0.002692;0.002688;0.002562;0.002499;0.002558;0.002508;0.002489;0.002534;0.002541;0.002582;0.002605;0.002707;0.002909;0.002724;0.002524;0.002497;0.002547;0.002680;0.002697;0.002510;0.002532;0.002744;0.002533;0.002684;0.002533;0.002556;0.002551;0.002706;0.002633;0.002522;0.002699;0.002678;0.002694;0.002678;0.002743;0.006747;0.002731;0.002476;0.002690;0.002675;0.002739;0.002775;0.002713;0.002485;0.002688;0.002731;0.002687;0.002738;0.002707;0.002538;0.002700;0.002684;0.002690;0.002696;0.002690;0.002730;0.002699;0.002582;0.002726;0.002707;0.002695;0.002537;static;static,25000;25000;32
800000;0.002638;0.002638;0.008084;0.002706;0.002672;0.002695;0.002656;0.002633;0.002597;0.002596;0.002686;0.002680;0.002630;0.002608;0.002676;0.002697;0.002675;0.002629;0.002690;0.002693;0.002417;0.002715;0.002692;0.002696;0.002698;0.002579;0.003083;0.002689;0.002655;0.002693;0.002738;0.002672;0.002669;0.002666;0.002672;0.002635;0.002620;0.002664;0.002699;0.002688;0.002441;0.002699;0.002423;0.002713;0.002676;0.002691;0.002656;0.002705;0.002671;0.002690;0.002411;0.002438;0.002686;0.002686;0.002698;0.002700;0.002689;0.002702;0.002684;0.002661;0.002657;0.002690;0.002685;0.002744;0.002703;0.003110;0.002731;0.002701;0.002650;0.002665;0.006015;0.009334;0.007937;0.007544;0.002711;0.002700;0.002694;0.003516;0.002671;0.002637;0.002765;0.002711;0.002699;0.002701;0.002655;0.002711;0.002746;0.002633;0.002506;0.002599;0.002636;0.002711;0.002616;0.002689;0.002706;0.002712;0.002670;0.002499;0.002723;0.002709;0.002621;0.002614;0.002716;0.002659;0.002696;0.002689;0.002608;0.002730;0.002702;0.002619;0.002712;0.002673;0.002684;0.002430;0.002727;0.002714;0.002410;0.002683;0.002605;0.002586;0.002646;0.002760;0.002711;0.002710;0.002697;0.002701;0.002927;0.002630;0.002735;0.002534;0.002663;0.002659;0.002669;0.002636;0.002616;0.002644;0.002648;0.002639;0.002637;0.002603;0.002585;0.002685;0.002756;0.002508;0.002680;0.002476;0.002671;0.002722;0.002441;0.002704;0.002638;0.002691;0.002557;0.002672;0.002494;0.002721;0.002480;0.002690;0.002647;0.002703;0.002542;0.002616;0.002648;0.002686;0.002603;0.002715;0.002676;0.002629;0.002698;0.002613;0.002678;0.002645;0.002724;0.002687;0.002600;0.002674;0.002805;0.002675;0.002723;0.002675;0.002704;0.002701;0.002626;0.002702;0.002612;0.002600;0.002638;0.002649;0.002677;0.002705;0.002540;0.002674;0.002478;0.002685;0.002677;0.003169;0.002656;0.002681;0.002682;0.002668;dynamic;dynamic,100000;100000;8
800000;0.002612;0.002715;0.010020;0.002598;0.002701;0.002684;0.002673;0.002477;0.002659;0.005271;0.002718;0.002686;0.002669;0.002698;0.002483;0.002702;0.002483;0.002690;0.002683;0.002682;0.002466;0.002682;0.002544;0.002463;0.002755;0.002538;0.002696;0.002681;0.002702;0.002646;0.002679;0.002690;0.002680;0.002718;0.002523;0.002723;0.002705;0.002515;0.002692;0.002554;0.002707;0.002667;0.002533;0.002710;0.002582;0.002522;0.002585;0.002675;0.002577;0.002696;0.002722;0.002684;0.002876;0.002688;0.002641;0.002734;0.002548;0.002478;0.002464;0.002534;0.002654;0.002727;0.002683;0.002484;0.002679;0.002631;0.002455;0.002666;0.002700;0.002712;0.002665;0.002601;0.002700;0.002541;0.002629;0.002731;0.002667;0.002710;0.002710;0.002476;0.002710;0.002520;0.002488;0.002724;0.002691;0.002732;0.002518;0.002738;0.002671;0.002499;0.002519;0.002455;0.002678;0.002479;0.002632;0.002510;0.002503;0.002441;0.002693;0.002544;0.002536;0.002681;0.002686;0.002743;0.002687;0.002691;0.002685;0.002580;0.002505;0.002697;0.002577;0.002473;0.002745;0.002629;0.002901;0.002504;0.002696;0.002630;0.002715;0.002696;0.002674;0.002618;0.002727;0.002715;0.002467;0.002501;0.002679;0.002667;0.002581;0.002638;0.002473;0.002684;0.002644;0.002671;0.002641;0.002574;0.002722;0.002741;0.002709;0.002709;0.002696;0.002723;0.002716;0.002683;0.002707;0.002449;0.002505;0.002567;0.002594;0.002633;0.002707;0.002529;0.002720;0.002727;0.002636;0.002679;0.002521;0.002531;0.002709;0.002697;0.002530;0.002523;0.002724;0.002635;0.002498;0.002575;0.002536;0.002719;0.002700;0.002626;0.002691;0.002542;0.002523;0.002946;0.002701;0.002644;0.002593;0.003093;0.002606;0.002757;0.002508;0.002725;0.002727;0.002732;0.002703;0.002701;0.002584;0.002695;0.002490;0.002464;0.002519;0.002687;0.002690;0.002692;0.002677;0.002675;0.003091;0.002682;0.002677;0.002643;dynamic;dynamic,50000;50000;16
800000;0.002597;0.002968;0.002732;0.002609;0.002686;0.002603;0.002700;0.002527;0.007790;0.002701;0.002566;0.002705;0.002499;0.002697;0.002622;0.002563;0.002580;0.002498;0.002515;0.002716;0.002526;0.002706;0.002682;0.002736;0.002713;0.002696;0.002570;0.002726;0.002703;0.002926;0.002599;0.002646;0.002709;0.002523;0.002547;0.002705;0.002537;0.002705;0.002541;0.002685;0.002564;0.002523;0.002533;0.002543;0.002547;0.002718;0.003095;0.002704;0.002502;0.002533;0.002702;0.002569;0.002557;0.002581;0.002653;0.002715;0.002588;0.002710;0.002517;0.002488;0.002683;0.002573;0.002750;0.002712;0.002599;0.002711;0.002686;0.002673;0.002537;0.002507;0.002545;0.002689;0.002541;0.002694;0.002525;0.002579;0.002544;0.002592;0.002748;0.002698;0.002729;0.002689;0.002552;0.002498;0.002686;0.002518;0.002494;0.002685;0.002675;0.002704;0.002700;0.002556;0.002532;0.002732;0.002564;0.002730;0.002700;0.002700;0.002676;0.002583;0.002681;0.002701;0.002554;0.002760;0.002702;0.002704;0.002681;0.002537;0.002731;0.002684;0.002692;0.002678;0.002693;0.002539;0.002527;0.002694;0.002691;0.002554;0.002558;0.002522;0.002732;0.002584;0.002667;0.002514;0.002561;0.002537;0.002502;0.002717;0.002538;0.002521;0.002537;0.002625;0.002518;0.002524;0.002748;0.002534;0.002629;0.002507;0.002513;0.002542;0.002692;0.002571;0.002555;0.002563;0.002719;0.002788;0.002690;0.002599;0.002706;0.002698;0.002548;0.002680;0.002590;0.002559;0.002527;0.002716;0.002682;0.002524;0.002511;0.002576;0.002496;0.002691;0.002515;0.002507;0.002720;0.002734;0.002547;0.002515;0.002693;0.002652;0.002704;0.002531;0.002497;0.002521;0.002531;0.002708;0.004146;0.002613;0.002695;0.002697;0.002743;0.002557;0.002558;0.002695;0.002544;0.002760;0.002714;0.002711;0.002701;0.002723;0.003478;0.002718;0.002535;0.002716;0.002675;0.002575;0.002687;0.002521;0.002522;0.002701;dynamic;dynamic,33333;33333;24
800000;0.002687;0.002953;0.002688;0.002702;0.002567;0.002541;0.002569;0.002791;0.002695;0.002571;0.002727;0.002543;0.002727;0.002743;0.002540;0.010266;0.002687;0.002778;0.002625;0.002731;0.002696;0.002636;0.002722;0.002697;0.002582;0.002715;0.002741;0.002635;0.002640;0.002720;0.002718;0.002717;0.002782;0.002657;0.002706;0.002699;0.002723;0.002708;0.002547;0.002695;0.002714;0.002598;0.002601;0.002698;0.002681;0.002686;0.002571;0.002602;0.002694;0.002727;0.002718;0.002548;0.002590;0.002541;0.002674;0.002579;0.002589;0.002724;0.002741;0.002688;0.002717;0.002723;0.002553;0.002555;0.002727;0.002694;0.002697;0.002545;0.002705;0.002715;0.002473;0.002556;0.002715;0.002751;0.002704;0.002725;0.002574;0.002701;0.002732;0.002679;0.002543;0.002552;0.002699;0.002693;0.002500;0.002558;0.002565;0.002463;0.002719;0.002742;0.002577;0.002699;0.002580;0.002565;0.002568;0.002539;0.002539;0.002548;0.002473;0.002746;0.002690;0.002546;0.002690;0.002505;0.002705;0.002679;0.002613;0.002659;0.002559;0.002515;0.002579;0.002712;0.002577;0.002537;0.002566;0.002700;0.002731;0.002714;0.002562;0.002536;0.002798;0.002604;0.002614;0.002543;0.002767;0.002715;0.002563;0.002461;0.002487;0.002691;0.002578;0.002508;0.002482;0.002762;0.002597;0.002557;0.002711;0.002623;0.002610;0.002729;0.002626;0.002548;0.002731;0.002721;0.002612;0.002693;0.006044;0.008158;0.008392;0.008683;0.002705;0.002694;0.002690;0.002566;0.002558;0.002571;0.002593;0.002633;0.002556;0.002726;0.002726;0.002584;0.002476;0.002563;0.002724;0.002696;0.002695;0.002573;0.002694;0.002771;0.002715;0.003084;0.002580;0.002583;0.002696;0.002567;0.002690;0.002703;0.002569;0.002739;0.002628;0.002520;0.002653;0.002670;0.002724;0.002706;0.002631;0.002671;0.002705;0.002564;0.002718;0.002480;0.002547;0.002822;0.002707;0.002678;0.002493;0.002713;0.002473;0.002485;dynamic;dynamic,25000;25000;32
800000;0.002862;0.002782;0.002846;0.002843;0.002718;0.002884;0.002729;0.002858;0.002838;0.002864;0.002656;0.002840;0.002760;0.008303;0.002792;0.002694;0.002744;0.002659;0.002679;0.002701;0.002860;0.002786;0.002756;0.002839;0.003204;0.002657;0.002618;0.002720;0.002856;0.002857;0.002839;0.002769;0.002847;0.002828;0.002829;0.002826;0.002610;0.002894;0.002858;0.002834;0.002789;0.002654;0.002832;0.002654;0.002827;0.002746;0.002698;0.002835;0.002678;0.002840;0.002827;0.002760;0.002870;0.002729;0.002651;0.002716;0.002768;0.002646;0.002712;0.002718;0.002832;0.002842;0.002713;0.002709;0.002849;0.002730;0.002863;0.002838;0.002718;0.002834;0.002644;0.002645;0.002665;0.002669;0.002867;0.002827;0.002835;0.002713;0.003196;0.002668;0.004457;0.003633;0.002859;0.002682;0.002776;0.002664;0.002842;0.002877;0.002860;0.002681;0.002836;0.002967;0.002837;0.002687;0.002667;0.002730;0.002834;0.002699;0.002844;0.002734;0.002728;0.002726;0.002717;0.002849;0.002835;0.002839;0.002836;0.002664;0.002845;0.002652;0.002838;0.002836;0.002741;0.002821;0.002689;0.002901;0.002834;0.002819;0.002848;0.002725;0.002866;0.002765;0.002648;0.002826;0.002842;0.002857;0.002844;0.002843;0.002664;0.002786;0.002714;0.002663;0.002679;0.002736;0.002715;0.002713;0.002626;0.002728;0.002835;0.002843;0.002742;0.002718;0.002759;0.002657;0.002725;0.002751;0.002724;0.002833;0.002656;0.002828;0.002738;0.002852;0.002857;0.002847;0.002830;0.002651;0.002798;0.002729;0.002658;0.002691;0.002854;0.002736;0.002860;0.002820;0.002745;0.002856;0.002848;0.002829;0.002662;0.002830;0.002838;0.002660;0.002704;0.002728;0.002855;0.002645;0.002665;0.002725;0.002653;0.002860;0.004946;0.002752;0.002839;0.002836;0.002655;0.002833;0.002870;0.002747;0.002692;0.002968;0.002855;0.002814;0.002828;0.002844;0.002826;0.002826;0.002862;0.002861;0.002605;0.002837;guided;guided,100000;100000;8
800000;0.002651;0.002668;0.002528;0.002734;0.002583;0.002744;0.002689;0.002683;0.002672;0.002715;0.002668;0.007411;0.002650;0.002518;0.002658;0.002709;0.002716;0.002656;0.002563;0.002629;0.002879;0.002766;0.002712;0.007919;0.004618;0.002706;0.002900;0.002604;0.002654;0.002745;0.002616;0.002738;0.002705;0.002705;0.002653;0.002718;0.002661;0.002708;0.002729;0.002607;0.002720;0.002755;0.002714;0.002614;0.002770;0.002725;0.002712;0.002659;0.002684;0.004823;0.002661;0.002707;0.002512;0.002526;0.002628;0.002773;0.002574;0.002643;0.002658;0.002718;0.002706;0.002709;0.008131;0.004859;0.005008;0.002744;0.002704;0.002541;0.002745;0.002725;0.002555;0.002720;0.002666;0.002715;0.002663;0.002614;0.002789;0.002743;0.002729;0.002638;0.002725;0.002704;0.002729;0.002702;0.002596;0.002729;0.002733;0.002728;0.002745;0.002748;0.002732;0.002573;0.002601;0.002632;0.002794;0.002727;0.002619;0.002726;0.002585;0.002617;0.002659;0.002768;0.002706;0.002619;0.002904;0.002709;0.002692;0.002696;0.002734;0.002723;0.002656;0.004577;0.002695;0.002506;0.002573;0.002788;0.002660;0.002753;0.002771;0.002724;0.002519;0.002731;0.002743;0.002696;0.002701;0.002609;0.002700;0.002641;0.002602;0.002755;0.002639;0.002726;0.002664;0.002712;0.002605;0.002738;0.002701;0.002671;0.002675;0.002702;0.002729;0.002612;0.002905;0.002627;0.003616;0.002574;0.002746;0.005363;0.008350;0.007933;0.002720;0.002561;0.002601;0.002709;0.002704;0.002698;0.002779;0.005794;0.006461;0.008408;0.004796;0.002758;0.002729;0.002680;0.002607;0.002671;0.002751;0.008101;0.004458;0.002763;0.008773;0.008533;0.007841;0.008313;0.008136;0.008497;0.008543;0.008472;0.008326;0.010085;0.008453;0.009469;0.008493;0.009897;0.010001;0.008067;0.002760;0.002751;0.008089;0.009578;0.011546;0.004760;0.008075;0.008706;0.008493;0.008424;0.008278;0.008475;0.008293;0.008182;guided;guided,50000;50000;16
800000;0.008321;0.010032;0.010234;0.008136;0.009727;0.008085;0.008383;0.009755;0.010014;0.010018;0.009866;0.008158;0.008294;0.010227;0.009731;0.010204;0.008308;0.008311;0.008662;0.009774;0.007946;0.008746;0.008271;0.010047;0.008857;0.005890;0.009775;0.002866;0.002725;0.007655;0.005077;0.003908;0.002840;0.002791;0.002878;0.002706;0.002645;0.005840;0.008625;0.007741;0.008802;0.008047;0.006807;0.004681;0.008190;0.008153;0.010071;0.008568;0.008423;0.008381;0.004406;0.002896;0.004360;0.002879;0.004173;0.002754;0.002929;0.002682;0.002894;0.002615;0.002645;0.002654;0.002668;0.002660;0.002885;0.002880;0.002892;0.002717;0.002884;0.002644;0.002906;0.003164;0.002884;0.002896;0.002871;0.002902;0.002662;0.002625;0.002888;0.002703;0.002679;0.002677;0.002668;0.002666;0.002907;0.002606;0.002902;0.002889;0.002880;0.002639;0.002669;0.002645;0.002916;0.002914;0.002665;0.002727;0.002696;0.002880;0.002768;0.002671;0.002677;0.002886;0.002678;0.002674;0.002907;0.002630;0.002720;0.002897;0.002600;0.002642;0.002679;0.002665;0.002636;0.003014;0.002662;0.002662;0.002919;0.002685;0.002716;0.002883;0.002903;0.002650;0.002864;0.002594;0.002693;0.002903;0.002888;0.002866;0.002671;0.002866;0.002895;0.002645;0.002874;0.002713;0.002673;0.004250;0.008323;0.008328;0.009950;0.005459;0.002753;0.002909;0.003330;0.008617;0.002881;0.002891;0.002897;0.002746;0.002877;0.002871;0.002720;0.002663;0.002653;0.002732;0.002673;0.002885;0.002891;0.002718;0.002688;0.002895;0.002875;0.002692;0.002910;0.002668;0.002899;0.002884;0.002873;0.002881;0.002639;0.002916;0.002871;0.002652;0.002878;0.002877;0.002675;0.002722;0.002683;0.002712;0.002895;0.002885;0.002900;0.002642;0.002685;0.002912;0.002666;0.002871;0.002687;0.002895;0.002698;0.002893;0.002891;0.002872;0.002882;0.002902;0.002875;0.002883;0.002835;0.002590;0.002912;0.002675;guided;guided,33333;33333;24
800000;0.002784;0.002589;0.002586;0.002780;0.002776;0.002653;0.002824;0.002789;0.002774;0.002793;0.002794;0.002792;0.002755;0.002587;0.002784;0.002642;0.002617;0.002778;0.002655;0.002636;0.002802;0.002777;0.002787;0.002731;0.002664;0.002553;0.002787;0.002770;0.002777;0.002604;0.002801;0.002590;0.002804;0.002605;0.002784;0.002776;0.002667;0.002784;0.002761;0.002800;0.002789;0.002771;0.002708;0.002680;0.002640;0.002631;0.002592;0.002804;0.002593;0.002777;0.002675;0.002666;0.002563;0.002533;0.002792;0.002592;0.002872;0.002850;0.002776;0.002677;0.002816;0.002677;0.002824;0.002795;0.002753;0.002622;0.002609;0.002663;0.002790;0.002697;0.002583;0.002544;0.008138;0.002776;0.002606;0.002792;0.002782;0.002574;0.002834;0.002807;0.002795;0.002643;0.002784;0.002674;0.002805;0.002599;0.002789;0.002821;0.002790;0.002780;0.002686;0.002800;0.002605;0.002798;0.002777;0.002591;0.002679;0.002776;0.002594;0.002795;0.002872;0.002776;0.002801;0.002642;0.002767;0.002599;0.002597;0.002650;0.002838;0.002671;0.002574;0.002956;0.002670;0.002813;0.002654;0.002777;0.002605;0.002790;0.002581;0.002783;0.002804;0.002780;0.002581;0.002608;0.002652;0.002616;0.002787;0.002573;0.002778;0.002789;0.002655;0.002792;0.002648;0.002625;0.002787;0.002804;0.002831;0.002794;0.002633;0.002718;0.002605;0.002644;0.002629;0.002791;0.002663;0.008528;0.002721;0.002790;0.002786;0.002759;0.002636;0.002524;0.002671;0.002777;0.002791;0.002569;0.002780;0.002772;0.002826;0.002779;0.002659;0.002792;0.002765;0.002777;0.002784;0.002777;0.002770;0.002602;0.002775;0.002627;0.002780;0.002655;0.002559;0.002784;0.002791;0.002897;0.002768;0.002616;0.002814;0.002821;0.002792;0.002841;0.002703;0.002647;0.002671;0.002785;0.002597;0.003142;0.002785;0.002628;0.002572;0.002769;0.002773;0.002603;0.002786;0.002767;0.002597;0.002797;0.002628;0.002655;guided;guided,25000;25000;32
900000;0.011594;0.011602;0.012091;0.010336;0.010348;0.010318;0.010272;0.010285;0.010270;0.010346;0.011577;0.010328;0.010270;0.010286;0.011524;0.010312;0.010317;0.010295;0.010370;0.010313;0.010275;0.010313;0.010338;0.010309;0.010282;0.011553;0.011563;0.011480;0.010309;0.011552;0.011572;0.010299;0.010875;0.010358;0.010316;0.010297;0.011500;0.011520;0.011524;0.010295;0.010344;0.010284;0.011495;0.011493;0.011545;0.010329;0.011526;0.010321;0.010322;0.010288;0.010440;0.010288;0.010285;0.010393;0.010291;0.010336;0.011538;0.010339;0.010289;0.011559;0.011545;0.010293;0.010282;0.010390;0.010316;0.010291;0.011518;0.010275;0.011538;0.010329;0.010345;0.013311;0.010321;0.010280;0.010307;0.010306;0.010298;0.011538;0.010326;0.011629;0.010359;0.011569;0.010312;0.011522;0.011539;0.010319;0.010329;0.010323;0.010153;0.010362;0.010293;0.011537;0.010320;0.010334;0.010316;0.010310;0.010306;0.010276;0.011553;0.010332;0.010304;0.011602;0.010371;0.011554;0.010334;0.010295;0.011609;0.010287;0.010260;0.010283;0.010367;0.011512;0.010297;0.010306;0.010308;0.011567;0.010489;0.010636;0.010394;0.010314;0.010326;0.010866;0.010402;0.010820;0.010334;0.010324;0.010387;0.010399;0.010395;0.011664;0.010455;0.010419;0.011601;0.011605;0.010386;0.010403;0.010422;0.012436;0.010324;0.010314;0.010356;0.011755;0.010391;0.010390;0.010390;0.011573;0.010329;0.010316;0.011625;0.011567;0.010318;0.010315;0.011527;0.010315;0.010308;0.010303;0.010946;0.010322;0.010290;0.010260;0.010281;0.010269;0.010321;0.010300;0.010268;0.010276;0.010311;0.010307;0.010257;0.010303;0.010393;0.010363;0.010310;0.010275;0.010424;0.011869;0.011537;0.010308;0.010283;0.010313;0.010345;0.010329;0.010326;0.010766;0.010282;0.010301;0.010743;0.011515;0.010367;0.010290;0.010261;0.010294;0.010262;0.010287;0.011654;0.010372;0.010461;0.010349;0.010364;0.011585;seq;seq;0;0
900000;0.002991;0.003092;0.003011;0.003141;0.002993;0.003002;0.002987;0.003153;0.003010;0.002982;0.002986;0.002968;0.002987;0.003005;0.003117;0.003003;0.003004;0.002982;0.003043;0.003018;0.002995;0.002989;0.002999;0.003165;0.003038;0.003003;0.003005;0.003006;0.003075;0.002989;0.003000;0.003011;0.002988;0.002993;0.003009;0.003051;0.003033;0.002996;0.002998;0.003022;0.003123;0.003047;0.004041;0.003090;0.002999;0.003002;0.002977;0.002961;0.003000;0.003117;0.003038;0.003021;0.003020;0.003024;0.011941;0.003041;0.003066;0.003021;0.003004;0.003021;0.003043;0.003054;0.002994;0.003079;0.003022;0.003028;0.002982;0.003080;0.003027;0.002980;0.002983;0.003041;0.003040;0.003005;0.003025;0.003078;0.002996;0.003072;0.003035;0.002978;0.002977;0.002998;0.003009;0.002981;0.002994;0.003168;0.003095;0.003012;0.003014;0.002985;0.002998;0.003010;0.003013;0.002967;0.003034;0.002968;0.002961;0.003436;0.003013;0.002972;0.003031;0.002999;0.002961;0.003031;0.002993;0.002993;0.003056;0.002987;0.003004;0.003030;0.002962;0.003003;0.003003;0.002967;0.002991;0.003000;0.003003;0.002967;0.002964;0.002980;0.003000;0.009357;0.006145;0.003039;0.002986;0.002963;0.003005;0.002999;0.002979;0.003015;0.003002;0.003038;0.008510;0.002999;0.003011;0.003000;0.003002;0.003173;0.003014;0.002983;0.003008;0.002993;0.002996;0.002992;0.003018;0.003001;0.002998;0.002981;0.003024;0.003259;0.002987;0.003009;0.003017;0.002990;0.003039;0.002973;0.002993;0.003067;0.002999;0.002988;0.002999;0.003016;0.002992;0.002984;0.003036;0.003048;0.003012;0.002994;0.003010;0.003028;0.003060;0.003238;0.002990;0.003191;0.003038;0.003052;0.002972;0.002997;0.003074;0.003013;0.002987;0.002991;0.003003;0.002980;0.002991;0.003010;0.003012;0.002995;0.003422;0.002990;0.003006;0.002963;0.003079;0.002991;0.003000;0.003112;0.003309;0.002993;0.003207;0.003246;auto;auto;0;0
900000;0.007386;0.007354;0.007323;0.007364;0.007410;0.007361;0.007365;0.007327;0.007348;0.008659;0.007393;0.007365;0.007384;0.007387;0.008641;0.007428;0.007381;0.007377;0.007357;0.007510;0.007371;0.008651;0.007409;0.008628;0.007377;0.007353;0.007367;0.008633;0.008579;0.007400;0.007333;0.008602;0.008578;0.007396;0.007344;0.007353;0.007354;0.007382;0.008671;0.007382;0.007366;0.007383;0.007356;0.007372;0.007362;0.007379;0.008642;0.007400;0.008634;0.007516;0.008652;0.007344;0.007346;0.008620;0.007408;0.007372;0.007377;0.007339;0.008675;0.007437;0.007390;0.007280;0.007403;0.007350;0.007344;0.007378;0.008628;0.007379;0.008618;0.007389;0.007352;0.008637;0.008614;0.008591;0.007479;0.007377;0.007357;0.014524;0.007417;0.007352;0.007346;0.007397;0.007418;0.007391;0.007368;0.008634;0.007416;0.007357;0.007376;0.007367;0.008633;0.007351;0.007357;0.007426;0.007363;0.008611;0.008619;0.007369;0.008563;0.007376;0.007290;0.007403;0.007358;0.007349;0.007381;0.007353;0.008621;0.007388;0.007337;0.007417;0.007367;0.007334;0.007362;0.007336;0.007385;0.007346;0.008657;0.007389;0.007341;0.007353;0.008643;0.008593;0.007412;0.008620;0.007404;0.007341;0.008669;0.007375;0.008619;0.007416;0.007355;0.007369;0.007358;0.007399;0.007373;0.008624;0.008618;0.007378;0.007378;0.007568;0.007373;0.007429;0.007357;0.008649;0.007437;0.008607;0.009022;0.007476;0.009006;0.008587;0.007357;0.007378;0.007409;0.008651;0.007380;0.008660;0.007381;0.007383;0.007395;0.007355;0.007369;0.008632;0.007379;0.007389;0.008673;0.007383;0.008682;0.007400;0.007511;0.007380;0.008654;0.007368;0.007375;0.008594;0.007366;0.007374;0.007395;0.007376;0.007359;0.009173;0.007424;0.007376;0.007337;0.007396;0.007377;0.007353;0.007365;0.007394;0.007656;0.007600;0.007339;0.007354;0.007354;0.007364;0.007427;0.007421;0.007403;0.015890;0.007385;0.008641;static;static,1;1;0
900000;0.037618;0.043909;0.041078;0.041190;0.039649;0.041632;0.041510;0.041107;0.042292;0.042634;0.041168;0.042941;0.043916;0.042334;0.042997;0.037513;0.044955;0.042430;0.042188;0.045518;0.041501;0.040757;0.042704;0.042596;0.041757;0.041195;0.043949;0.039674;0.041170;0.040048;0.045555;0.043722;0.037590;0.041590;0.037549;0.041505;0.038646;0.041435;0.038664;0.041792;0.043205;0.042658;0.042608;0.041468;0.037579;0.041293;0.042200;0.039866;0.039736;0.037570;0.039682;0.042311;0.041312;0.041420;0.041455;0.042350;0.039955;0.042168;0.041519;0.041665;0.042160;0.041616;0.042721;0.045096;0.039804;0.042695;0.041146;0.043349;0.040040;0.041909;0.041311;0.041127;0.041555;0.037744;0.042970;0.042119;0.037971;0.043208;0.041291;0.039967;0.038631;0.041866;0.041634;0.037627;0.042913;0.041620;0.041327;0.040688;0.039717;0.041244;0.043971;0.041629;0.038185;0.042769;0.041858;0.041598;0.042727;0.041642;0.042955;0.041241;0.041105;0.041242;0.041105;0.041129;0.041247;0.043938;0.037588;0.041635;0.041665;0.042150;0.037627;0.040002;0.041912;0.042305;0.041607;0.037611;0.043937;0.041146;0.041188;0.041638;0.039621;0.041304;0.043959;0.042637;0.043510;0.045207;0.042922;0.041188;0.043954;0.044168;0.042178;0.037857;0.037571;0.042999;0.039673;0.042902;0.042194;0.043008;0.039686;0.043319;0.041481;0.037572;0.042612;0.041343;0.042233;0.041220;0.037562;0.041688;0.041685;0.042199;0.042429;0.041166;0.042214;0.039645;0.041691;0.041328;0.041845;0.043921;0.037866;0.043121;0.043496;0.040293;0.040669;0.041322;0.037555;0.042655;0.042684;0.042039;0.041962;0.041865;0.041595;0.042444;0.039689;0.041662;0.041108;0.039644;0.042673;0.041110;0.041265;0.041171;0.041124;0.041149;0.038624;0.037634;0.039672;0.041589;0.037848;0.041127;0.041123;0.040929;0.045462;0.041748;0.041307;0.048524;0.044442;0.046438;0.046264;0.049279;0.046757;0.043959;dynamic;dynamic,1;1;0
900000;0.002997;0.002978;0.003009;0.002970;0.002970;0.002831;0.003025;0.002827;0.002818;0.002776;0.002967;0.004902;0.002981;0.003006;0.002951;0.002955;0.002989;0.002789;0.002990;0.003000;0.002979;0.002914;0.002969;0.002965;0.002801;0.002977;0.002962;0.003024;0.002884;0.002790;0.003032;0.002976;0.003010;0.002812;0.002975;0.002789;0.002999;0.002974;0.002793;0.002927;0.002989;0.003036;0.002798;0.002788;0.002976;0.002970;0.003027;0.002804;0.002925;0.002801;0.003009;0.002801;0.002946;0.002847;0.002792;0.002786;0.003034;0.003041;0.002982;0.002957;0.002997;0.002833;0.002982;0.002843;0.002947;0.003022;0.002810;0.003002;0.002996;0.002833;0.003046;0.002994;0.002999;0.002988;0.003053;0.002859;0.002986;0.003049;0.002799;0.003030;0.002793;0.002990;0.002996;0.002796;0.002794;0.003027;0.002793;0.002800;0.002795;0.003005;0.002808;0.002840;0.002817;0.003009;0.002981;0.002981;0.002972;0.002785;0.002857;0.002970;0.003034;0.002993;0.002854;0.002782;0.002809;0.002973;0.002796;0.002782;0.003007;0.003022;0.002803;0.002822;0.002967;0.003024;0.002976;0.003019;0.002807;0.002864;0.002973;0.003019;0.002977;0.002984;0.002778;0.002785;0.003307;0.002994;0.002978;0.002990;0.002982;0.002999;0.002984;0.002969;0.003000;0.002971;0.002844;0.002855;0.003248;0.002796;0.002966;0.003026;0.002870;0.002780;0.002813;0.002838;0.002988;0.003016;0.002993;0.002992;0.003094;0.003009;0.002818;0.002963;0.002975;0.002793;0.002848;0.002788;0.002793;0.002794;0.010215;0.008035;0.003021;0.002866;0.002790;0.002983;0.002988;0.002795;0.002789;0.002960;0.002790;0.003008;0.002898;0.003000;0.002997;0.003020;0.002994;0.003013;0.002972;0.002788;0.002927;0.002842;0.002806;0.002990;0.003019;0.002831;0.003015;0.010334;0.008597;0.008514;0.004658;0.004757;0.003030;0.003063;0.002986;0.002831;0.002813;0.002981;0.002800;0.002831;0.003018;0.002838;guided;guided,1;1;0
900000;0.002930;0.002956;0.002895;0.002903;0.003038;0.002885;0.002886;0.002717;0.002688;0.002905;0.002865;0.002893;0.002926;0.002699;0.002906;0.002895;0.002872;0.003047;0.003034;0.002907;0.003036;0.002938;0.003025;0.002934;0.002922;0.002910;0.002921;0.002856;0.002788;0.002927;0.002901;0.002788;0.002681;0.002937;0.003033;0.003393;0.002840;0.002912;0.002885;0.002904;0.002808;0.002735;0.002696;0.002890;0.003036;0.002710;0.002898;0.002700;0.003036;0.002885;0.002977;0.003016;0.003014;0.002915;0.003004;0.002993;0.002901;0.002927;0.002877;0.003002;0.002910;0.002983;0.002720;0.002716;0.002944;0.002903;0.002880;0.002886;0.002889;0.002893;0.003021;0.002909;0.003048;0.003026;0.003016;0.003009;0.002867;0.002721;0.002835;0.002864;0.003012;0.002757;0.002874;0.003008;0.003084;0.002900;0.003024;0.002898;0.002933;0.002963;0.002916;0.003026;0.002915;0.002906;0.002882;0.003050;0.002910;0.003025;0.002721;0.002997;0.002707;0.002823;0.002924;0.002904;0.002898;0.002888;0.003150;0.002973;0.002938;0.002878;0.002890;0.002954;0.003034;0.002883;0.002902;0.002908;0.003013;0.003050;0.002796;0.007630;0.003045;0.003034;0.002851;0.002939;0.002790;0.002920;0.002688;0.002905;0.003049;0.002898;0.002923;0.002916;0.002683;0.003007;0.003000;0.002897;0.002881;0.002916;0.002873;0.002876;0.002889;0.003006;0.002912;0.002734;0.002920;0.002720;0.003031;0.003027;0.002755;0.003006;0.011727;0.002967;0.002913;0.002887;0.002977;0.002883;0.002791;0.003036;0.002911;0.002926;0.002916;0.002874;0.003119;0.002961;0.002775;0.002910;0.002898;0.003015;0.002909;0.003029;0.002731;0.003031;0.002932;0.002709;0.002889;0.003020;0.003028;0.002883;0.003023;0.003026;0.002998;0.002805;0.002882;0.002875;0.003021;0.002911;0.002892;0.003034;0.002886;0.003009;0.002949;0.002896;0.002888;0.003038;0.002934;0.002918;0.002878;0.002878;0.002911;0.003035;static;static,112500;112500;8
900000;0.003108;0.002815;0.003024;0.002803;0.002918;0.002950;0.002882;0.003038;0.003024;0.002838;0.003006;0.002878;0.003105;0.002774;0.002731;0.002957;0.002863;0.003029;0.002896;0.003004;0.003003;0.003001;0.003036;0.003058;0.002925;0.003031;0.002941;0.002983;0.003009;0.002920;0.002965;0.003025;0.003202;0.003017;0.003047;0.002964;0.003005;0.002746;0.002911;0.003030;0.003005;0.002779;0.002768;0.002893;0.002953;0.002764;0.003016;0.002931;0.002960;0.002714;0.003077;0.003038;0.003046;0.003016;0.002905;0.003064;0.002881;0.002787;0.003135;0.002772;0.003030;0.003037;0.002919;0.002871;0.002977;0.002885;0.002763;0.002940;0.002886;0.002856;0.003019;0.002859;0.002870;0.002718;0.002784;0.003045;0.002934;0.002736;0.003048;0.003012;0.002764;0.003041;0.003044;0.003025;0.002928;0.002800;0.002748;0.002955;0.003009;0.002915;0.002915;0.003016;0.002899;0.002780;0.002917;0.003054;0.002731;0.003027;0.002778;0.003005;0.002925;0.002891;0.002723;0.002941;0.003023;0.002925;0.002877;0.002783;0.002992;0.002837;0.002838;0.003039;0.002991;0.003045;0.003014;0.003004;0.002835;0.003027;0.003008;0.003005;0.002870;0.003023;0.002870;0.003033;0.003028;0.002954;0.002816;0.002907;0.002977;0.002883;0.002887;0.002863;0.002894;0.004496;0.002874;0.002875;0.002870;0.002880;0.003027;0.002898;0.002767;0.002928;0.003048;0.003057;0.010093;0.002810;0.002874;0.002893;0.002933;0.002900;0.003035;0.002760;0.002918;0.002796;0.002856;0.002759;0.002930;0.003064;0.002784;0.002905;0.002990;0.002798;0.002913;0.002913;0.002964;0.002832;0.003047;0.002743;0.002902;0.003121;0.002972;0.003068;0.002763;0.003025;0.003046;0.002811;0.002994;0.002772;0.002757;0.002944;0.002996;0.002799;0.003041;0.003045;0.002916;0.003070;0.003013;0.002783;0.003018;0.002757;0.003005;0.003093;0.002902;0.002753;0.002751;0.002805;0.002879;0.003039;0.002727;0.002921;static;static,56250;56250;16
900000;0.003060;0.003004;0.002934;0.002864;0.002907;0.002914;0.002940;0.002933;0.003018;0.002837;0.003028;0.003009;0.003020;0.003023;0.002950;0.002896;0.002842;0.002877;0.003229;0.003078;0.002883;0.002969;0.002805;0.002825;0.002940;0.002913;0.002859;0.002906;0.002929;0.003019;0.002902;0.003038;0.002849;0.002793;0.002860;0.002850;0.002879;0.003038;0.002898;0.003000;0.003021;0.003009;0.003006;0.002814;0.002827;0.003003;0.002794;0.002883;0.003012;0.003027;0.002814;0.002883;0.002805;0.002890;0.003059;0.002783;0.002872;0.002927;0.003016;0.002850;0.003409;0.002885;0.002819;0.002772;0.002903;0.002780;0.002900;0.002970;0.002856;0.002912;0.003033;0.002899;0.002840;0.003014;0.003529;0.002844;0.002886;0.002896;0.002889;0.002836;0.002878;0.002933;0.002813;0.002779;0.002898;0.002887;0.002874;0.002824;0.002913;0.002840;0.003029;0.003008;0.002988;0.002943;0.002824;0.002835;0.003015;0.002776;0.002996;0.002798;0.002848;0.002950;0.002880;0.002899;0.002843;0.002768;0.002869;0.003065;0.003018;0.004313;0.002896;0.002760;0.002932;0.002791;0.002918;0.002910;0.002805;0.002862;0.003069;0.003017;0.002807;0.002922;0.002853;0.002806;0.003042;0.002830;0.002874;0.003017;0.002820;0.002825;0.002791;0.003031;0.002770;0.002811;0.002823;0.003161;0.002952;0.002851;0.002794;0.002814;0.010378;0.003363;0.002914;0.002905;0.002883;0.002924;0.002877;0.002812;0.002776;0.002850;0.002810;0.002833;0.003038;0.002924;0.003023;0.002968;0.002964;0.002930;0.002797;0.002823;0.002914;0.002920;0.003031;0.003518;0.002891;0.003006;0.002988;0.002819;0.003019;0.002789;0.002810;0.003046;0.002794;0.003000;0.002941;0.002948;0.002891;0.002784;0.003018;0.002803;0.002788;0.002800;0.003018;0.003030;0.003015;0.003044;0.003053;0.003059;0.003002;0.002836;0.002864;0.002820;0.003003;0.002936;0.002773;0.002858;0.002882;0.002884;0.002784;0.003026;static;static,37500;37500;24
900000;0.002869;0.002821;0.003019;0.002843;0.002866;0.003038;0.003029;0.002879;0.002871;0.002855;0.002849;0.002842;0.003015;0.003033;0.003006;0.002875;0.002939;0.002888;0.003056;0.002917;0.003034;0.003049;0.002885;0.003034;0.002874;0.002900;0.004799;0.010188;0.012071;0.008649;0.003061;0.002952;0.002851;0.002899;0.002823;0.003092;0.002855;0.002875;0.002880;0.002826;0.003054;0.002907;0.002873;0.002823;0.003031;0.003020;0.003287;0.003055;0.002976;0.002856;0.002858;0.002901;0.002815;0.002849;0.003057;0.003018;0.002941;0.003052;0.003016;0.002999;0.002839;0.002821;0.002803;0.002982;0.002841;0.002841;0.002910;0.002816;0.002898;0.002880;0.002872;0.002861;0.002828;0.003058;0.003037;0.002832;0.002840;0.002911;0.003066;0.002877;0.002829;0.002816;0.002828;0.002835;0.002883;0.003025;0.002810;0.002845;0.002806;0.002864;0.003034;0.003040;0.002880;0.003017;0.003027;0.002813;0.003006;0.002957;0.002849;0.002882;0.002805;0.002835;0.002812;0.003014;0.002899;0.002857;0.003025;0.002805;0.003065;0.002833;0.005154;0.002847;0.002864;0.002851;0.003043;0.002848;0.002889;0.002823;0.002879;0.002897;0.002875;0.002785;0.002827;0.003046;0.002816;0.002790;0.003009;0.003003;0.002798;0.002941;0.002811;0.002885;0.002888;0.002962;0.009559;0.002824;0.002930;0.002876;0.002888;0.003025;0.002808;0.003061;0.003042;0.002994;0.002866;0.002972;0.002988;0.003023;0.002894;0.002852;0.002876;0.003019;0.002813;0.002849;0.002786;0.003003;0.002819;0.002942;0.002878;0.003035;0.002975;0.005658;0.002802;0.002873;0.003025;0.002958;0.002923;0.003042;0.002959;0.002887;0.002888;0.003036;0.002872;0.002844;0.002882;0.003041;0.002869;0.008202;0.003038;0.002866;0.002871;0.002848;0.002804;0.003017;0.002900;0.002932;0.003017;0.002852;0.003045;0.002847;0.002808;0.002944;0.002858;0.002918;0.003060;0.002901;0.002829;0.003004;0.002958;0.002821;static;static,28125;28125;32
900000;0.003045;0.003111;0.003021;0.003004;0.002767;0.002985;0.003027;0.002989;0.002888;0.003023;0.003002;0.003512;0.002967;0.002926;0.003027;0.002992;0.002991;0.002967;0.002731;0.002929;0.002960;0.002987;0.002964;0.003036;0.002831;0.002756;0.003024;0.002897;0.002956;0.002987;0.002991;0.003033;0.003027;0.003002;0.003000;0.002949;0.002956;0.002949;0.002997;0.003007;0.002925;0.002960;0.003033;0.002907;0.003032;0.002984;0.002989;0.002979;0.002774;0.002835;0.002974;0.003027;0.002979;0.002989;0.003013;0.003001;0.003004;0.003059;0.003008;0.003079;0.002836;0.003022;0.002976;0.002944;0.002755;0.002889;0.002962;0.003044;0.003085;0.002992;0.003033;0.002692;0.002982;0.002999;0.002991;0.002958;0.002982;0.002752;0.003195;0.002954;0.002890;0.002837;0.002982;0.002985;0.002868;0.003025;0.003001;0.003061;0.002834;0.002945;0.002919;0.002969;0.003076;0.003010;0.002994;0.002887;0.002949;0.002962;0.003017;0.003003;0.002997;0.002959;0.003260;0.003004;0.002946;0.003008;0.003035;0.003029;0.003372;0.003019;0.003036;0.002781;0.002959;0.002881;0.002940;0.002999;0.003022;0.003032;0.003007;0.003259;0.003066;0.003018;0.002774;0.003023;0.002996;0.003142;0.003048;0.002788;0.003031;0.002976;0.008961;0.002970;0.002919;0.002982;0.003032;0.002979;0.002967;0.002947;0.003007;0.002955;0.003083;0.002760;0.003015;0.003015;0.002960;0.002940;0.002827;0.003527;0.003055;0.002965;0.002967;0.003111;0.003023;0.002914;0.002862;0.002993;0.003113;0.003083;0.003017;0.003022;0.003019;0.002981;0.003036;0.002923;0.002993;0.002902;0.002989;0.002992;0.002970;0.002939;0.002880;0.002886;0.002986;0.002888;0.002954;0.003006;0.002966;0.002892;0.002971;0.002977;0.002905;0.003146;0.002980;0.002789;0.002999;0.002908;0.003257;0.003064;0.003001;0.002999;0.002688;0.002966;0.002928;0.002985;0.003136;0.003468;0.002984;0.003054;0.002974;0.003015;dynamic;dynamic,112500;112500;8
900000;0.002939;0.002898;0.002926;0.002896;0.002933;0.002999;0.002835;0.002913;0.002829;0.002876;0.002738;0.003400;0.002833;0.003004;0.002943;0.002794;0.002898;0.002733;0.002992;0.002908;0.002848;0.002869;0.002965;0.003015;0.002736;0.002882;0.003049;0.003071;0.002796;0.002856;0.002753;0.002878;0.002788;0.002779;0.002727;0.002751;0.002858;0.003121;0.003039;0.002917;0.002895;0.003003;0.002930;0.002986;0.002827;0.002901;0.002929;0.002835;0.002867;0.002868;0.003058;0.003050;0.002768;0.002880;0.002937;0.002774;0.003057;0.002924;0.002992;0.003048;0.002812;0.002757;0.002959;0.002895;0.002859;0.003027;0.003167;0.002810;0.002896;0.002924;0.002838;0.002765;0.002745;0.002960;0.003233;0.002902;0.002866;0.002750;0.003021;0.002852;0.002758;0.003023;0.002920;0.003022;0.002993;0.002800;0.002772;0.003016;0.002851;0.002919;0.002718;0.003044;0.002776;0.003027;0.003253;0.002942;0.002905;0.002875;0.002776;0.003053;0.002745;0.002714;0.002875;0.002832;0.002911;0.003042;0.003005;0.002779;0.003010;0.002855;0.002928;0.003175;0.002893;0.003030;0.003039;0.002826;0.002770;0.003040;0.002715;0.002890;0.002911;0.002838;0.003074;0.003021;0.002917;0.002735;0.002864;0.003053;0.008512;0.002762;0.003027;0.002902;0.003057;0.003027;0.002996;0.003027;0.002897;0.003024;0.002923;0.002900;0.002981;0.002742;0.002939;0.002875;0.003359;0.002876;0.002724;0.002778;0.003029;0.002819;0.002887;0.003030;0.002914;0.003018;0.002787;0.002730;0.002889;0.002913;0.002892;0.002885;0.002773;0.003049;0.002833;0.002892;0.003052;0.002914;0.003014;0.003011;0.002879;0.003198;0.002992;0.002990;0.003053;0.003166;0.002903;0.003036;0.002882;0.002724;0.002882;0.002932;0.002964;0.003030;0.002931;0.003037;0.003026;0.002931;0.002899;0.002953;0.002899;0.003157;0.003029;0.002858;0.002897;0.002831;0.002880;0.003061;0.003047;0.002782;0.002750;0.002746;dynamic;dynamic,56250;56250;16
900000;0.002845;0.002840;0.002806;0.003023;0.002928;0.002886;0.002989;0.002997;0.002891;0.002803;0.002883;0.002831;0.002882;0.003007;0.002917;0.002872;0.002900;0.002788;0.002921;0.003011;0.002804;0.002891;0.002878;0.002881;0.003031;0.002890;0.003088;0.002997;0.002756;0.002764;0.003005;0.002919;0.003006;0.002878;0.002963;0.002808;0.003052;0.003020;0.002913;0.002946;0.002820;0.002881;0.003049;0.002962;0.002925;0.003042;0.002843;0.003038;0.002777;0.002918;0.002795;0.002927;0.002807;0.003032;0.002833;0.002941;0.003020;0.002933;0.002865;0.002908;0.002756;0.002819;0.002922;0.002829;0.002889;0.002924;0.002798;0.002886;0.002800;0.002827;0.002789;0.003073;0.003015;0.008643;0.008616;0.008668;0.003390;0.005202;0.003104;0.002943;0.003017;0.003043;0.002938;0.002861;0.002828;0.002918;0.003058;0.002798;0.002895;0.003063;0.002859;0.002850;0.002975;0.003030;0.002811;0.002942;0.002784;0.002941;0.002898;0.003053;0.002806;0.003015;0.002922;0.002935;0.002793;0.002806;0.002940;0.003015;0.002843;0.002753;0.002788;0.002993;0.002963;0.002890;0.002832;0.002939;0.002832;0.002892;0.002779;0.003036;0.002811;0.008227;0.002894;0.002884;0.002787;0.002799;0.002913;0.002945;0.003032;0.003057;0.002991;0.003319;0.002897;0.002795;0.002829;0.002794;0.002968;0.003018;0.002899;0.002789;0.003018;0.002793;0.002914;0.003027;0.003002;0.002878;0.002841;0.002871;0.002892;0.003029;0.003007;0.002992;0.002905;0.002812;0.002813;0.002772;0.002805;0.002872;0.002958;0.002807;0.002813;0.002914;0.002752;0.002900;0.002920;0.003037;0.003005;0.003010;0.002860;0.002816;0.002766;0.005559;0.003037;0.003024;0.003318;0.002914;0.002985;0.002927;0.002802;0.002827;0.002855;0.002989;0.002774;0.002915;0.002779;0.002908;0.002892;0.002912;0.002795;0.003017;0.002917;0.002833;0.002835;0.002882;0.003042;0.002949;0.002915;0.002805;0.002753;0.002935;dynamic;dynamic,37500;37500;24
900000;0.002845;0.002800;0.003028;0.003073;0.003070;0.002904;0.003744;0.003176;0.003052;0.003160;0.002873;0.002812;0.002899;0.002828;0.002793;0.003028;0.003108;0.002872;0.003030;0.002880;0.002857;0.003023;0.003008;0.003033;0.003062;0.003042;0.002834;0.002836;0.002951;0.002853;0.002892;0.002939;0.002829;0.002920;0.003041;0.002846;0.003062;0.002982;0.003035;0.002859;0.002822;0.002817;0.002795;0.002921;0.003085;0.002849;0.003062;0.002830;0.002897;0.002811;0.002854;0.002939;0.002875;0.003017;0.002824;0.003077;0.002891;0.002810;0.002935;0.003158;0.002922;0.003019;0.003061;0.002907;0.002848;0.002946;0.002882;0.003034;0.003003;0.002924;0.003029;0.002858;0.002892;0.002948;0.002902;0.003064;0.002809;0.002920;0.002861;0.002839;0.003001;0.002865;0.002846;0.002835;0.002912;0.002900;0.002851;0.002810;0.003008;0.002840;0.002942;0.002883;0.003015;0.002906;0.002849;0.002850;0.002880;0.002818;0.002840;0.002842;0.002925;0.002920;0.002842;0.002869;0.003040;0.003008;0.002889;0.003579;0.002868;0.002847;0.003010;0.002853;0.002934;0.002829;0.002853;0.010360;0.002864;0.003021;0.003015;0.002802;0.003060;0.002839;0.003001;0.002827;0.002806;0.002848;0.002819;0.002875;0.002902;0.002830;0.002891;0.003052;0.002865;0.002914;0.002817;0.003014;0.003046;0.003033;0.002968;0.002860;0.002897;0.002817;0.003061;0.002867;0.002858;0.002905;0.002837;0.002831;0.003020;0.002952;0.003024;0.002854;0.002858;0.002918;0.002854;0.003039;0.003030;0.003007;0.002913;0.003061;0.002828;0.002840;0.003032;0.002948;0.002946;0.002855;0.002894;0.002790;0.003275;0.003053;0.002967;0.002938;0.003045;0.002863;0.003039;0.002897;0.002878;0.003070;0.002816;0.002798;0.002884;0.002845;0.002999;0.003167;0.002796;0.002850;0.002889;0.002836;0.002835;0.002925;0.002864;0.002839;0.003064;0.003000;0.002925;0.002798;0.003021;0.002890;0.003009;0.002820;dynamic;dynamic,28125;28125;32
900000;0.003132;0.003009;0.002985;0.002996;0.003199;0.003199;0.003073;0.003172;0.003055;0.003010;0.002979;0.003018;0.002969;0.002984;0.003082;0.003187;0.002965;0.002961;0.003184;0.003022;0.002993;0.002977;0.003203;0.003208;0.003187;0.002961;0.003190;0.003182;0.003223;0.003428;0.003032;0.003099;0.002976;0.003009;0.002970;0.003224;0.003063;0.003008;0.003161;0.002981;0.003020;0.002994;0.003006;0.002986;0.003165;0.003164;0.003194;0.003059;0.002954;0.003164;0.002985;0.002942;0.003178;0.003167;0.003038;0.003181;0.003368;0.003014;0.003084;0.003173;0.003157;0.003183;0.003165;0.003026;0.004008;0.003002;0.003014;0.003030;0.003212;0.002984;0.003043;0.003168;0.003058;0.003050;0.003212;0.002965;0.003037;0.002986;0.003194;0.003151;0.003076;0.002965;0.003039;0.003175;0.003010;0.003198;0.003047;0.003036;0.003018;0.002982;0.002951;0.002989;0.003165;0.002961;0.003173;0.003141;0.003076;0.002998;0.002978;0.002987;0.002978;0.003000;0.002980;0.003177;0.003057;0.002982;0.003208;0.003197;0.008285;0.003191;0.003130;0.002991;0.003217;0.002972;0.003344;0.002967;0.003102;0.003019;0.003185;0.003023;0.003173;0.003020;0.003183;0.002986;0.003180;0.003184;0.003007;0.003164;0.003171;0.003037;0.003011;0.003193;0.003028;0.003073;0.003047;0.003372;0.003018;0.002968;0.003018;0.003161;0.002970;0.003149;0.002963;0.003041;0.003003;0.003018;0.003020;0.003042;0.003017;0.003044;0.003182;0.003023;0.003022;0.002991;0.003172;0.003192;0.002988;0.002981;0.003038;0.003188;0.003265;0.003124;0.003195;0.003015;0.003182;0.003048;0.003018;0.003028;0.002987;0.003008;0.003031;0.003041;0.003059;0.003219;0.003053;0.003187;0.003010;0.003033;0.003079;0.003213;0.003092;0.003174;0.003001;0.003046;0.003189;0.003057;0.003191;0.002978;0.003167;0.003324;0.003013;0.002973;0.003040;0.003024;0.003207;0.003208;0.003039;0.002989;0.003149;0.003037;guided;guided,112500;112500;8
900000;0.002994;0.002938;0.002876;0.002944;0.003051;0.002968;0.002875;0.003057;0.003726;0.002899;0.003084;0.002865;0.003312;0.002989;0.003018;0.003107;0.003001;0.003029;0.003065;0.003020;0.002991;0.003040;0.003015;0.002945;0.003036;0.003016;0.003029;0.003047;0.002874;0.002955;0.002924;0.002889;0.002945;0.003031;0.002956;0.003126;0.002970;0.002904;0.002931;0.003008;0.003000;0.003007;0.002975;0.003072;0.003051;0.003037;0.002965;0.002999;0.003054;0.003063;0.003012;0.003050;0.002906;0.002969;0.003064;0.002988;0.002978;0.003006;0.003047;0.002984;0.002990;0.003015;0.003041;0.002855;0.003035;0.002922;0.002968;0.002983;0.002888;0.003031;0.002980;0.003047;0.003030;0.003049;0.003008;0.003023;0.003030;0.002977;0.003043;0.002880;0.003035;0.002952;0.003037;0.003038;0.002897;0.002852;0.003017;0.003048;0.003053;0.003045;0.003126;0.002932;0.002980;0.002961;0.003024;0.003019;0.003044;0.002937;0.002944;0.002946;0.003541;0.002972;0.003072;0.003028;0.008669;0.003037;0.002984;0.002989;0.003049;0.002859;0.002876;0.003022;0.002888;0.008564;0.008744;0.008516;0.005461;0.003036;0.003020;0.003038;0.003034;0.002968;0.002910;0.002881;0.003041;0.002985;0.002878;0.002997;0.003059;0.003016;0.002998;0.002979;0.002868;0.002962;0.002973;0.003132;0.003046;0.002970;0.002884;0.002869;0.002978;0.003045;0.002965;0.002929;0.003027;0.003001;0.002846;0.003037;0.004003;0.002989;0.003036;0.002978;0.003004;0.002878;0.002980;0.003001;0.002900;0.003044;0.003051;0.002973;0.002967;0.002896;0.002840;0.002913;0.002861;0.002978;0.003026;0.003036;0.003017;0.003044;0.002989;0.003057;0.003038;0.002960;0.002885;0.002981;0.002877;0.003035;0.002978;0.002977;0.002987;0.002890;0.002976;0.002847;0.003035;0.003023;0.003007;0.003021;0.003063;0.003030;0.003172;0.003036;0.003057;0.002961;0.003023;0.003035;0.002905;0.002991;0.002876;0.002885;guided;guided,56250;56250;16
900000;0.003246;0.003235;0.002959;0.002947;0.003023;0.002988;0.003242;0.003032;0.002997;0.003223;0.003014;0.003568;0.002993;0.003004;0.002970;0.002970;0.003227;0.003191;0.002989;0.003241;0.002986;0.002993;0.002982;0.002994;0.002922;0.002989;0.003221;0.002972;0.002985;0.002969;0.002980;0.003223;0.003226;0.003011;0.002981;0.003233;0.003234;0.002960;0.003005;0.003249;0.002990;0.002994;0.002978;0.003210;0.002994;0.005494;0.003006;0.003014;0.003015;0.003238;0.003228;0.002980;0.002971;0.003241;0.002994;0.002991;0.002967;0.002928;0.002965;0.003271;0.010641;0.003244;0.003074;0.002933;0.003235;0.003662;0.003013;0.003225;0.002983;0.006591;0.003247;0.005793;0.005112;0.003244;0.003246;0.003253;0.003227;0.003104;0.003008;0.002996;0.003073;0.002970;0.003259;0.002990;0.002994;0.002976;0.002985;0.002977;0.003000;0.002970;0.003245;0.009863;0.005333;0.003003;0.003015;0.003208;0.003250;0.002976;0.003006;0.003559;0.002994;0.009042;0.003586;0.003005;0.003001;0.003221;0.003079;0.003256;0.002991;0.002925;0.003274;0.002932;0.002998;0.003242;0.002982;0.003247;0.002980;0.003329;0.003002;0.003005;0.002992;0.002984;0.003237;0.002978;0.003240;0.002990;0.003246;0.003229;0.003246;0.003013;0.003039;0.009240;0.004632;0.003060;0.003260;0.003035;0.002995;0.003004;0.003237;0.002978;0.003005;0.003011;0.002951;0.002984;0.002968;0.002949;0.003595;0.003238;0.003246;0.003235;0.003238;0.002985;0.003266;0.003241;0.002978;0.003231;0.002993;0.002975;0.002977;0.002999;0.003064;0.003224;0.002969;0.003227;0.003011;0.003043;0.002969;0.003244;0.003262;0.003091;0.003116;0.002953;0.002945;0.002959;0.003001;0.003004;0.003377;0.003279;0.003225;0.003237;0.003041;0.003234;0.002973;0.003233;0.003034;0.003249;0.003065;0.003051;0.002982;0.003242;0.003225;0.003034;0.003006;0.003026;0.002926;0.005360;0.005176;0.003236;0.003013;0.003261;guided;guided,37500;37500;24
900000;0.002883;0.003136;0.003006;0.002984;0.003126;0.003107;0.003009;0.003011;0.002945;0.002894;0.002997;0.002891;0.002950;0.002887;0.002982;0.003142;0.003135;0.003038;0.003142;0.003109;0.003105;0.003125;0.002968;0.003087;0.003006;0.003120;0.002878;0.002922;0.003196;0.003149;0.003118;0.002918;0.002981;0.002975;0.003085;0.003166;0.002979;0.002874;0.003128;0.003539;0.002976;0.002897;0.002984;0.003118;0.002958;0.002851;0.003120;0.002972;0.003144;0.002976;0.002966;0.003135;0.002981;0.003114;0.003104;0.002995;0.002960;0.007320;0.005595;0.002991;0.002997;0.003028;0.003072;0.002984;0.002897;0.003133;0.002946;0.002887;0.002880;0.003125;0.003152;0.002970;0.002894;0.003149;0.003143;0.002994;0.002912;0.003126;0.002992;0.003001;0.008316;0.003005;0.003018;0.002969;0.002864;0.002954;0.002865;0.002983;0.003010;0.002993;0.002953;0.002863;0.002973;0.002978;0.002965;0.002903;0.002993;0.003133;0.003154;0.002876;0.003124;0.002986;0.003111;0.002992;0.002973;0.003113;0.003100;0.002887;0.003114;0.002856;0.003151;0.003152;0.003112;0.002890;0.002920;0.002893;0.003122;0.002984;0.003308;0.003000;0.003129;0.002962;0.002976;0.002987;0.003130;0.002910;0.003009;0.005681;0.005262;0.003022;0.003107;0.002923;0.003112;0.002949;0.003007;0.002894;0.003005;0.002855;0.002900;0.002938;0.003012;0.002938;0.002966;0.002980;0.002936;0.002875;0.002954;0.002871;0.002865;0.003132;0.002977;0.002970;0.002985;0.002988;0.002988;0.003106;0.002903;0.003289;0.003112;0.002898;0.002985;0.003121;0.002896;0.003033;0.003141;0.003118;0.002962;0.002994;0.002932;0.002891;0.002927;0.003136;0.003124;0.003119;0.002944;0.002881;0.003000;0.002873;0.002992;0.002968;0.003118;0.003010;0.002974;0.003113;0.003016;0.003137;0.007775;0.004990;0.002987;0.003943;0.003010;0.002963;0.002994;0.003001;0.002977;0.003130;0.002881;0.002979;0.002865;0.003167;guided;guided,28125;28125;32
1000000;0.011584;0.011569;0.011592;0.011527;0.012874;0.011602;0.011554;0.011611;0.011610;0.011570;0.011599;0.011601;0.011618;0.011590;0.011585;0.012789;0.011574;0.011555;0.011568;0.011533;0.011564;0.011586;0.011557;0.011622;0.011630;0.011674;0.011693;0.011631;0.012985;0.011662;0.011677;0.011580;0.011666;0.011662;0.011642;0.013594;0.012887;0.011676;0.011568;0.011643;0.011548;0.011581;0.011568;0.011661;0.011566;0.011640;0.011576;0.012867;0.011637;0.011605;0.011602;0.011636;0.012929;0.011753;0.011592;0.011644;0.011623;0.011612;0.011582;0.011581;0.011625;0.011670;0.011627;0.011808;0.011674;0.011722;0.011689;0.011630;0.011764;0.011589;0.011602;0.011673;0.011558;0.011582;0.011550;0.011621;0.011575;0.011561;0.011598;0.011573;0.012092;0.011682;0.013913;0.011686;0.011673;0.011633;0.011596;0.011578;0.011648;0.012889;0.011673;0.011610;0.011773;0.011591;0.011789;0.011646;0.011628;0.011651;0.011712;0.011686;0.011647;0.011635;0.011693;0.011686;0.011624;0.011618;0.011712;0.011649;0.011705;0.011619;0.011755;0.012954;0.011690;0.011614;0.011639;0.011632;0.012107;0.012824;0.011638;0.011689;0.011612;0.011586;0.011595;0.012888;0.011661;0.012270;0.012841;0.011560;0.012848;0.011430;0.011963;0.011724;0.011649;0.012889;0.011723;0.011629;0.011637;0.011739;0.016368;0.011644;0.012934;0.011620;0.011609;0.011726;0.011642;0.011591;0.011573;0.011603;0.011582;0.011594;0.011575;0.011614;0.012106;0.011581;0.011549;0.011586;0.011560;0.011596;0.011576;0.011600;0.011584;0.011596;0.011610;0.011568;0.012797;0.011562;0.011581;0.011551;0.011617;0.011854;0.011649;0.011612;0.011604;0.011592;0.012871;0.012834;0.011610;0.011607;0.012811;0.011622;0.011600;0.011690;0.011571;0.011571;0.012803;0.011599;0.011569;0.013604;0.011618;0.011617;0.011570;0.011587;0.011576;0.011682;0.011584;0.011595;0.011604;0.011608;0.011564;0.011564;seq;seq;0;0
1000000;0.003330;0.003316;0.012724;0.003322;0.003296;0.003291;0.003396;0.003297;0.003293;0.003319;0.003299;0.003307;0.003335;0.003303;0.003282;0.003468;0.003434;0.003294;0.010208;0.003298;0.003431;0.003335;0.003352;0.003291;0.003292;0.003284;0.003356;0.003340;0.003310;0.003329;0.003297;0.003298;0.003295;0.003300;0.003299;0.003302;0.003301;0.003295;0.003411;0.003298;0.003279;0.003290;0.003315;0.003338;0.003293;0.003549;0.003362;0.003362;0.003417;0.003328;0.003327;0.003341;0.003298;0.003287;0.003795;0.003322;0.003289;0.003307;0.003312;0.003298;0.003282;0.003291;0.003335;0.006511;0.007305;0.003285;0.003422;0.003353;0.003343;0.003606;0.003310;0.003314;0.003326;0.003308;0.003301;0.003289;0.003347;0.003386;0.003453;0.003301;0.003341;0.003285;0.003287;0.003452;0.003347;0.003345;0.003527;0.003311;0.003469;0.003387;0.003296;0.003302;0.003321;0.003308;0.003314;0.003287;0.003349;0.003333;0.003336;0.003290;0.003318;0.003435;0.003306;0.003369;0.003705;0.003318;0.003468;0.003278;0.003301;0.003439;0.003321;0.003326;0.003307;0.003303;0.004007;0.003372;0.003303;0.012581;0.003304;0.003325;0.003468;0.003315;0.003321;0.003340;0.003446;0.003356;0.003300;0.003304;0.003288;0.003368;0.003447;0.003368;0.003324;0.003481;0.003345;0.003345;0.003312;0.003333;0.003310;0.003298;0.003322;0.003376;0.003340;0.003298;0.003346;0.003375;0.003293;0.003282;0.003454;0.003291;0.003480;0.003408;0.003433;0.003330;0.003359;0.003330;0.003290;0.003313;0.003377;0.003411;0.003419;0.003315;0.003310;0.003276;0.003272;0.003344;0.003339;0.003520;0.003430;0.003311;0.003460;0.003347;0.003315;0.003365;0.003316;0.003358;0.003344;0.011128;0.003320;0.003527;0.003321;0.003314;0.003329;0.003293;0.003310;0.003309;0.003351;0.003340;0.003324;0.003343;0.003315;0.003300;0.003519;0.003314;0.003301;0.003332;0.003293;0.003288;0.003363;0.003319;auto;auto;0;0
1000000;0.008377;0.009610;0.008471;0.008345;0.008327;0.008297;0.009601;0.008562;0.008319;0.008350;0.008375;0.008334;0.008370;0.008321;0.008393;0.008277;0.008300;0.009628;0.008358;0.008332;0.008420;0.008297;0.008449;0.008293;0.009595;0.009974;0.018720;0.008432;0.008319;0.008305;0.008342;0.009589;0.008357;0.008314;0.008311;0.009802;0.008366;0.008282;0.008311;0.008302;0.008284;0.008301;0.008327;0.008366;0.008342;0.008283;0.008363;0.008327;0.008346;0.009622;0.008328;0.008307;0.008324;0.008296;0.009722;0.008405;0.008372;0.008740;0.008329;0.008380;0.019939;0.008389;0.008318;0.008305;0.009643;0.008522;0.008416;0.008315;0.008372;0.010125;0.021704;0.018912;0.008383;0.008320;0.008311;0.008296;0.008331;0.008300;0.009591;0.009538;0.008510;0.008378;0.008306;0.008268;0.008377;0.008310;0.008296;0.008306;0.008274;0.008314;0.008321;0.008208;0.009567;0.008363;0.008322;0.017191;0.008430;0.008301;0.008320;0.008323;0.008445;0.008335;0.008278;0.008321;0.008291;0.008265;0.008308;0.012156;0.012160;0.008293;0.008324;0.008292;0.008292;0.008283;0.008333;0.008342;0.008308;0.008405;0.008332;0.008317;0.008284;0.008311;0.008319;0.008303;0.008363;0.009614;0.008495;0.008522;0.008359;0.008545;0.008682;0.013598;0.018471;0.008548;0.009662;0.008400;0.008603;0.008355;0.008315;0.008336;0.008331;0.008325;0.008278;0.008284;0.014828;0.008278;0.008274;0.008296;0.008269;0.009591;0.008399;0.008334;0.009589;0.008380;0.008323;0.008367;0.009597;0.008366;0.008308;0.008373;0.009983;0.008398;0.008297;0.009615;0.008329;0.008296;0.008350;0.008346;0.017928;0.008330;0.008311;0.008287;0.008308;0.008312;0.008342;0.008305;0.008303;0.014642;0.014270;0.008354;0.008320;0.008347;0.019335;0.008681;0.017048;0.021384;0.019883;0.021021;0.020092;0.021716;0.020088;0.020081;0.010034;0.021891;0.021763;0.011243;0.019895;0.021849;0.020877;0.020005;static;static,1;1;0
1000000;0.046822;0.046233;0.044168;0.044161;0.046315;0.047072;0.047999;0.044194;0.048690;0.041827;0.044274;0.049688;0.045757;0.045922;0.046189;0.048431;0.047985;0.047427;0.048982;0.049893;0.046114;0.042083;0.045742;0.048879;0.046336;0.047433;0.048301;0.043883;0.043934;0.044239;0.047938;0.046402;0.046681;0.046405;0.044009;0.047096;0.049092;0.041966;0.047856;0.047195;0.046326;0.046739;0.044217;0.048255;0.047834;0.048043;0.048764;0.047121;0.046163;0.048013;0.045810;0.046746;0.048540;0.048246;0.049237;0.046233;0.051951;0.050765;0.047771;0.045961;0.045979;0.046485;0.048584;0.047828;0.045849;0.049470;0.044665;0.047617;0.048637;0.045937;0.045855;0.045213;0.044298;0.045911;0.049849;0.045901;0.046085;0.049652;0.047200;0.050030;0.048408;0.044116;0.046122;0.047638;0.044205;0.041901;0.049544;0.048196;0.048867;0.047801;0.047807;0.048611;0.042212;0.046378;0.045220;0.049024;0.048297;0.046299;0.045832;0.047519;0.046993;0.045244;0.044240;0.047912;0.048199;0.046442;0.049499;0.046677;0.049016;0.046093;0.044432;0.045928;0.045177;0.044426;0.048362;0.044325;0.044163;0.047629;0.050093;0.042378;0.046699;0.046445;0.045869;0.048400;0.045841;0.048215;0.044943;0.045820;0.046402;0.048159;0.051797;0.049064;0.045907;0.048006;0.048691;0.047643;0.045911;0.048224;0.044239;0.046671;0.041971;0.047895;0.044570;0.045923;0.048726;0.047330;0.047735;0.046010;0.046479;0.048302;0.045933;0.048725;0.045926;0.048221;0.047976;0.041918;0.051238;0.044188;0.046012;0.048451;0.044230;0.048598;0.048470;0.046355;0.047871;0.048038;0.046350;0.044280;0.048654;0.044412;0.047423;0.050176;0.044287;0.046715;0.047518;0.048238;0.044157;0.048017;0.046404;0.045792;0.045825;0.046367;0.042011;0.046597;0.047262;0.046462;0.045824;0.049557;0.046422;0.045745;0.048640;0.041882;0.046347;0.044212;0.047845;0.046643;0.049036;0.045949;0.045034;0.044368;dynamic;dynamic,1;1;0
1000000;0.006099;0.003265;0.003128;0.003299;0.003436;0.003315;0.003191;0.003134;0.003656;0.022111;0.003363;0.003326;0.003390;0.006557;0.003241;0.003329;0.003319;0.003136;0.003328;0.003310;0.003301;0.003113;0.003345;0.003322;0.003291;0.003155;0.003300;0.003306;0.003095;0.003108;0.003138;0.003298;0.003287;0.003301;0.003072;0.003149;0.003146;0.003351;0.003294;0.003344;0.003136;0.003202;0.003299;0.003057;0.003593;0.003205;0.003154;0.003347;0.003271;0.003297;0.003156;0.003048;0.003113;0.003125;0.003291;0.003305;0.003281;0.003270;0.003273;0.003289;0.003121;0.003116;0.003308;0.008939;0.004602;0.003194;0.003121;0.003313;0.003339;0.003121;0.003217;0.003329;0.003325;0.003282;0.003123;0.003182;0.003124;0.003302;0.003225;0.003112;0.003096;0.003289;0.003078;0.003296;0.003116;0.003289;0.003166;0.003303;0.003252;0.003299;0.003305;0.003338;0.003308;0.003335;0.003288;0.003314;0.003327;0.003068;0.003307;0.003058;0.003298;0.003123;0.003305;0.003342;0.003131;0.003324;0.003154;0.003136;0.003123;0.003195;0.003110;0.003296;0.003304;0.003102;0.003280;0.003274;0.003298;0.003286;0.003289;0.003270;0.003066;0.003282;0.003353;0.003115;0.003357;0.003298;0.009792;0.005740;0.003288;0.003142;0.003122;0.003104;0.003120;0.003095;0.003362;0.003062;0.003286;0.003065;0.003144;0.003129;0.003231;0.003295;0.003126;0.003123;0.003323;0.003288;0.003300;0.003305;0.003405;0.003286;0.003315;0.003385;0.003306;0.003322;0.003338;0.003289;0.003297;0.003220;0.003068;0.003269;0.003124;0.003269;0.003133;0.003297;0.003308;0.003300;0.003322;0.003279;0.003114;0.003112;0.003047;0.003270;0.003332;0.003121;0.003288;0.003333;0.003110;0.003289;0.003195;0.003315;0.003324;0.003085;0.003047;0.003236;0.003318;0.003272;0.008947;0.005378;0.003185;0.010650;0.008710;0.003143;0.003258;0.003105;0.003095;0.003293;0.003107;0.003118;0.003140;0.003316;guided;guided,1;1;0
1000000;0.003188;0.003171;0.003605;0.003151;0.003097;0.003243;0.003183;0.003204;0.003179;0.003109;0.003177;0.003186;0.003187;0.003178;0.003098;0.003185;0.003366;0.003335;0.003277;0.003164;0.003201;0.003200;0.003195;0.003275;0.003161;0.003093;0.003150;0.003178;0.003200;0.003157;0.003152;0.003238;0.003209;0.003085;0.003162;0.003093;0.003102;0.003182;0.003266;0.003340;0.003193;0.003163;0.003185;0.003076;0.003225;0.003168;0.003171;0.003180;0.012696;0.003407;0.003184;0.003160;0.003144;0.003104;0.003107;0.003165;0.005946;0.003188;0.003186;0.003220;0.003185;0.003153;0.003089;0.003104;0.003161;0.003347;0.003158;0.003184;0.003148;0.003219;0.003144;0.003377;0.003198;0.003217;0.003133;0.003184;0.003190;0.003105;0.003103;0.003095;0.003191;0.003124;0.003190;0.003330;0.003176;0.003152;0.003109;0.004458;0.003217;0.003196;0.003167;0.003181;0.003100;0.003206;0.003102;0.003088;0.003194;0.003151;0.003178;0.003213;0.003164;0.003116;0.003279;0.003156;0.003247;0.003213;0.012559;0.011062;0.011437;0.010833;0.003271;0.003110;0.003268;0.003182;0.003172;0.003184;0.006912;0.003122;0.003184;0.003100;0.003184;0.003110;0.003169;0.003260;0.003165;0.003141;0.003178;0.003155;0.003110;0.003364;0.003350;0.003182;0.003204;0.003098;0.003154;0.003170;0.003436;0.003137;0.003181;0.003182;0.003170;0.003339;0.003098;0.003216;0.003253;0.003222;0.003201;0.003180;0.003216;0.003176;0.003195;0.003159;0.003185;0.003322;0.003234;0.003279;0.003179;0.003379;0.003218;0.003167;0.003174;0.003102;0.003131;0.003197;0.003351;0.003103;0.003283;0.009855;0.009767;0.004217;0.004269;0.003189;0.003174;0.003136;0.003093;0.003734;0.003099;0.003229;0.003208;0.003178;0.003087;0.003178;0.003341;0.003193;0.003180;0.003173;0.003194;0.003174;0.003191;0.003178;0.003357;0.003152;0.003200;0.003143;0.003091;0.003081;0.003220;0.003182;0.003076;0.003263;static;static,125000;125000;8
1000000;0.003104;0.003392;0.003347;0.003092;0.003182;0.003260;0.003334;0.003441;0.003124;0.003197;0.003213;0.003180;0.003164;0.003144;0.003097;0.003097;0.003189;0.003203;0.003222;0.003079;0.003183;0.003184;0.003164;0.003172;0.003373;0.003343;0.003274;0.003248;0.003132;0.003227;0.012786;0.003613;0.003350;0.003167;0.003167;0.003219;0.003163;0.003171;0.003861;0.003190;0.003158;0.003324;0.003342;0.003213;0.003187;0.003190;0.003175;0.003178;0.003163;0.003182;0.003161;0.003128;0.003170;0.003261;0.003325;0.003186;0.003207;0.003132;0.003088;0.003128;0.003172;0.003193;0.003224;0.003592;0.003175;0.003093;0.003113;0.003137;0.003231;0.003163;0.003176;0.003137;0.003166;0.003328;0.003325;0.003330;0.003212;0.003144;0.003126;0.003205;0.003148;0.003250;0.003332;0.003194;0.003163;0.003141;0.003140;0.003197;0.003078;0.003219;0.003092;0.010987;0.003105;0.003232;0.003221;0.003159;0.003210;0.003335;0.003197;0.003188;0.003325;0.003160;0.003206;0.003191;0.003180;0.019601;0.003157;0.003118;0.003226;0.003169;0.003187;0.003173;0.003170;0.003192;0.003252;0.003109;0.003126;0.003150;0.003344;0.003136;0.003185;0.003349;0.003173;0.003160;0.003242;0.003183;0.003167;0.003176;0.003112;0.003139;0.003173;0.003158;0.003166;0.003258;0.003356;0.003206;0.003187;0.003151;0.003344;0.003370;0.003209;0.003165;0.003163;0.003100;0.003090;0.003215;0.003095;0.003170;0.012658;0.003137;0.012648;0.003264;0.003084;0.003176;0.003101;0.003184;0.003183;0.003166;0.003103;0.003214;0.003140;0.003193;0.003105;0.003173;0.003119;0.003189;0.003160;0.003198;0.003217;0.003160;0.003161;0.003221;0.003184;0.003160;0.003143;0.003210;0.003249;0.003181;0.003166;0.003196;0.003353;0.003162;0.003215;0.003101;0.003148;0.003146;0.003138;0.003327;0.003132;0.003242;0.003245;0.003175;0.003132;0.003112;0.003151;0.003115;0.003329;0.003140;0.003211;0.003307;static;static,62500;62500;16
1000000;0.003307;0.003214;0.003155;0.003197;0.003340;0.003253;0.003210;0.003201;0.005466;0.003230;0.012934;0.003168;0.003144;0.003232;0.003162;0.003164;0.003150;0.003139;0.004794;0.003211;0.003324;0.003191;0.003337;0.003222;0.003178;0.003195;0.003182;0.003090;0.003239;0.003181;0.003130;0.003175;0.003187;0.003099;0.003320;0.003357;0.003134;0.003247;0.003139;0.003261;0.003346;0.003247;0.003189;0.003139;0.003236;0.003195;0.003166;0.003165;0.003175;0.003103;0.003103;0.003118;0.003126;0.003244;0.003156;0.003165;0.003179;0.003228;0.003159;0.003329;0.003160;0.003240;0.003178;0.003171;0.003138;0.003201;0.003162;0.003164;0.003107;0.003089;0.003121;0.003223;0.012521;0.003239;0.003138;0.003337;0.003223;0.003111;0.003229;0.003143;0.003186;0.003212;0.003111;0.003129;0.003164;0.003256;0.003180;0.003175;0.003194;0.003133;0.003154;0.003188;0.003173;0.003204;0.003102;0.003153;0.003181;0.003146;0.003163;0.003134;0.003162;0.003130;0.003327;0.003128;0.003163;0.003174;0.003145;0.003258;0.003149;0.003564;0.003185;0.003276;0.003174;0.003193;0.003137;0.003158;0.003169;0.003162;0.003160;0.003179;0.003213;0.003206;0.003256;0.003189;0.003126;0.003175;0.003271;0.003140;0.003153;0.003461;0.008150;0.003103;0.012624;0.003446;0.003088;0.003139;0.003168;0.003180;0.003179;0.003185;0.003368;0.003268;0.003360;0.003144;0.003098;0.003178;0.003334;0.003188;0.003327;0.003084;0.003115;0.003192;0.003092;0.003210;0.003175;0.003088;0.003179;0.003192;0.003173;0.003177;0.003204;0.003188;0.003108;0.003177;0.003119;0.003268;0.003201;0.003167;0.003172;0.003162;0.003169;0.003094;0.003188;0.003164;0.003240;0.003098;0.003097;0.003188;0.003234;0.003190;0.003194;0.003196;0.003690;0.003363;0.003157;0.003117;0.003131;0.003276;0.003184;0.003083;0.003199;0.003407;0.003108;0.003191;0.003340;0.003176;0.003184;0.003188;0.003215;0.003197;static;static,41666;41666;24
1000000;0.004689;0.003174;0.003115;0.003120;0.003192;0.003162;0.003199;0.003181;0.009286;0.003212;0.003176;0.003235;0.003132;0.003180;0.003165;0.003146;0.003119;0.003136;0.003106;0.003196;0.003191;0.003216;0.003202;0.003180;0.003250;0.003138;0.003172;0.003139;0.003151;0.003385;0.003204;0.003170;0.003477;0.003197;0.003086;0.003163;0.003253;0.003120;0.003132;0.003170;0.003212;0.003336;0.003326;0.003296;0.003140;0.003200;0.003174;0.003155;0.003118;0.003167;0.003176;0.003207;0.003337;0.003201;0.003143;0.003185;0.003164;0.003147;0.003167;0.003174;0.013206;0.003220;0.003227;0.003212;0.003169;0.003191;0.003097;0.003176;0.003739;0.003174;0.003249;0.003231;0.003162;0.003166;0.003211;0.003217;0.003388;0.003372;0.003231;0.003129;0.003167;0.003196;0.003338;0.003200;0.003172;0.003120;0.003136;0.003158;0.003230;0.003188;0.003164;0.003192;0.003138;0.003588;0.003187;0.003179;0.003212;0.003218;0.003202;0.003425;0.003180;0.003276;0.003187;0.003356;0.003230;0.003347;0.003124;0.003187;0.006282;0.010762;0.010739;0.005818;0.010952;0.003159;0.003111;0.003245;0.003193;0.009747;0.009016;0.003331;0.003378;0.003184;0.003169;0.003209;0.003187;0.003628;0.003119;0.003345;0.003348;0.003189;0.003192;0.003225;0.003183;0.003156;0.003182;0.003096;0.003178;0.003183;0.003114;0.003602;0.003158;0.003139;0.003167;0.003216;0.003195;0.003204;0.003131;0.003177;0.003160;0.003217;0.003196;0.003169;0.003166;0.003358;0.003195;0.003268;0.003146;0.003176;0.003133;0.003153;0.003166;0.003139;0.003236;0.003141;0.003117;0.003109;0.003182;0.003116;0.003124;0.003206;0.003205;0.003189;0.003160;0.003204;0.003119;0.003193;0.003192;0.003392;0.012663;0.003214;0.003218;0.003172;0.003153;0.003195;0.003100;0.003167;0.003218;0.003174;0.003130;0.003149;0.003197;0.003105;0.003116;0.003217;0.003131;0.003215;0.003201;0.003093;0.003142;0.003174;static;static,31250;31250;32
1000000;0.003310;0.003124;0.003338;0.003282;0.003203;0.003222;0.003269;0.003307;0.003205;0.003168;0.003222;0.003346;0.003292;0.003263;0.003219;0.003341;0.003217;0.003305;0.003083;0.003301;0.003344;0.003301;0.003330;0.003350;0.003349;0.003324;0.003129;0.003254;0.003326;0.003396;0.005512;0.003288;0.003286;0.003313;0.003888;0.003294;0.003134;0.003247;0.008092;0.003339;0.003391;0.003198;0.003296;0.003195;0.003330;0.003248;0.003338;0.003329;0.003159;0.003311;0.003270;0.003311;0.003299;0.003232;0.003223;0.003815;0.003346;0.003304;0.003185;0.003252;0.003299;0.003339;0.003314;0.003299;0.003311;0.003285;0.003252;0.003337;0.003295;0.003321;0.003294;0.003356;0.003378;0.003246;0.003304;0.003258;0.003303;0.003310;0.003293;0.003282;0.003210;0.003338;0.003238;0.003194;0.003098;0.003188;0.003307;0.003325;0.003272;0.003305;0.003894;0.003253;0.003331;0.009789;0.003332;0.003294;0.003228;0.004836;0.009913;0.003305;0.003162;0.003186;0.003218;0.003329;0.003307;0.003233;0.003229;0.003374;0.003185;0.003339;0.003341;0.003341;0.003288;0.003105;0.003330;0.003338;0.003295;0.003145;0.003278;0.003303;0.003294;0.003354;0.003121;0.003344;0.003324;0.003272;0.003341;0.003223;0.003312;0.003324;0.003279;0.003344;0.003214;0.003185;0.003302;0.003292;0.003301;0.003258;0.003218;0.003297;0.003251;0.003190;0.003301;0.003351;0.003106;0.003780;0.003310;0.003210;0.003191;0.003181;0.003352;0.003310;0.003092;0.003306;0.003273;0.009913;0.005457;0.003124;0.003119;0.003304;0.003261;0.003359;0.003314;0.003136;0.003117;0.003329;0.003290;0.003325;0.004330;0.003207;0.003179;0.003246;0.003152;0.003305;0.003115;0.003303;0.003236;0.003346;0.003337;0.003384;0.003302;0.003311;0.003324;0.003137;0.003302;0.003357;0.003339;0.003295;0.003239;0.003260;0.003360;0.003230;0.003139;0.003309;0.003300;0.003323;0.003336;0.003313;0.003191;0.003219;dynamic;dynamic,125000;125000;8
1000000;0.003168;0.003280;0.003118;0.003126;0.003093;0.003222;0.003162;0.003186;0.003433;0.003212;0.003083;0.003156;0.003349;0.003259;0.009865;0.004306;0.003473;0.003125;0.003233;0.003089;0.003194;0.003186;0.003183;0.003211;0.003239;0.003169;0.003124;0.003101;0.003222;0.003255;0.003198;0.003194;0.003117;0.003184;0.003216;0.003199;0.003183;0.003211;0.003168;0.003176;0.003175;0.003178;0.003214;0.003181;0.003830;0.003182;0.003195;0.004395;0.003158;0.003180;0.003195;0.003201;0.003126;0.003343;0.003101;0.003321;0.003244;0.003190;0.003099;0.003114;0.003140;0.003229;0.003193;0.003086;0.003346;0.003142;0.003341;0.003143;0.003201;0.003162;0.003185;0.003233;0.003108;0.003202;0.003191;0.003174;0.013506;0.003167;0.003158;0.003261;0.003217;0.003164;0.003159;0.003252;0.003138;0.003238;0.003223;0.003085;0.003173;0.003152;0.003189;0.003188;0.003328;0.003135;0.003237;0.003189;0.003176;0.003130;0.003332;0.003116;0.003082;0.003159;0.003320;0.003168;0.003179;0.003131;0.003189;0.003210;0.003241;0.003153;0.003102;0.003174;0.003186;0.003200;0.003166;0.003174;0.003169;0.003327;0.003164;0.003096;0.003165;0.003321;0.003203;0.003236;0.003180;0.003237;0.003112;0.003211;0.003202;0.003196;0.003175;0.003222;0.003183;0.003178;0.003322;0.003182;0.003358;0.003207;0.003207;0.007690;0.005184;0.003108;0.003215;0.003091;0.003155;0.003145;0.003216;0.003099;0.003208;0.003183;0.003388;0.003352;0.003191;0.003123;0.003236;0.003325;0.003315;0.003133;0.003213;0.003085;0.003191;0.003253;0.003211;0.003336;0.003373;0.003205;0.003142;0.003240;0.003232;0.003190;0.003171;0.003117;0.003192;0.003176;0.003185;0.003115;0.003170;0.003178;0.003098;0.003237;0.003189;0.003103;0.003190;0.003090;0.003165;0.003328;0.003230;0.003223;0.003165;0.003161;0.003164;0.003093;0.003176;0.003156;0.003146;0.003334;0.003283;0.003202;0.003310;0.003094;dynamic;dynamic,62500;62500;16
1000000;0.003172;0.003215;0.003202;0.003082;0.003239;0.005268;0.010699;0.003237;0.003301;0.003132;0.003184;0.003199;0.003120;0.003385;0.003277;0.003207;0.003190;0.003199;0.003179;0.003207;0.003342;0.003130;0.003225;0.003327;0.003210;0.003305;0.003181;0.003177;0.003199;0.003239;0.003192;0.003091;0.003193;0.003064;0.003140;0.003082;0.003211;0.003161;0.003231;0.003208;0.003117;0.003157;0.003156;0.003182;0.003136;0.003200;0.003178;0.003201;0.003198;0.003258;0.003191;0.003206;0.003122;0.003191;0.003095;0.003211;0.003193;0.003194;0.003351;0.003157;0.003125;0.003477;0.012256;0.006122;0.003245;0.003204;0.003284;0.003185;0.003216;0.003186;0.003210;0.003130;0.003232;0.003106;0.003741;0.003116;0.003271;0.003510;0.003123;0.003331;0.003278;0.003206;0.003573;0.003178;0.003148;0.003221;0.003200;0.003220;0.003325;0.003326;0.003113;0.003195;0.003151;0.003127;0.003177;0.003325;0.003229;0.003272;0.003328;0.003228;0.003168;0.003166;0.003173;0.003347;0.003255;0.003246;0.003709;0.003249;0.003115;0.008371;0.010911;0.009122;0.008844;0.003223;0.003248;0.003223;0.003178;0.003189;0.003220;0.003202;0.003233;0.009002;0.005210;0.003302;0.005409;0.003176;0.003221;0.003195;0.003192;0.003176;0.003195;0.003230;0.003200;0.005343;0.003183;0.003258;0.003196;0.003183;0.003177;0.003178;0.003207;0.003135;0.003166;0.003144;0.003340;0.003223;0.003248;0.003187;0.003235;0.003374;0.003279;0.003213;0.003134;0.003249;0.003243;0.003172;0.003213;0.003167;0.003216;0.003235;0.003119;0.003148;0.003230;0.003205;0.003132;0.003160;0.003386;0.003240;0.003205;0.003181;0.003203;0.003244;0.003372;0.003262;0.003132;0.003208;0.003136;0.003249;0.003147;0.003248;0.003165;0.003173;0.003092;0.008910;0.006169;0.003167;0.003359;0.003359;0.003307;0.003233;0.003253;0.003185;0.003369;0.003121;0.003201;0.003114;0.003195;0.003109;0.003183;0.003187;dynamic;dynamic,41666;41666;24
1000000;0.003217;0.003204;0.003170;0.003237;0.003398;0.003232;0.003366;0.003199;0.003209;0.003195;0.003196;0.003181;0.003385;0.003210;0.003209;0.003342;0.003393;0.003368;0.003148;0.003282;0.003230;0.003220;0.003229;0.003146;0.003189;0.003166;0.003231;0.003373;0.003364;0.003265;0.003229;0.003203;0.003125;0.003127;0.003222;0.005777;0.003121;0.003205;0.003164;0.003197;0.003135;0.003302;0.003174;0.010866;0.009037;0.003192;0.003218;0.003105;0.003220;0.003212;0.003207;0.003181;0.003104;0.003199;0.003130;0.003188;0.003142;0.003154;0.003350;0.003223;0.003260;0.003138;0.003237;0.003241;0.003382;0.003240;0.003221;0.003174;0.003182;0.003211;0.003101;0.003191;0.003103;0.003090;0.003353;0.003154;0.003169;0.003206;0.003099;0.003185;0.003177;0.003085;0.003091;0.003188;0.003130;0.003187;0.003192;0.003233;0.003238;0.003196;0.003198;0.003125;0.003190;0.003192;0.003326;0.003192;0.003280;0.003230;0.003191;0.003113;0.003204;0.003190;0.003304;0.003167;0.003183;0.003233;0.011235;0.003298;0.003108;0.003137;0.003366;0.003130;0.003095;0.003447;0.003214;0.003347;0.003223;0.003351;0.003268;0.003210;0.003114;0.003196;0.003219;0.003199;0.003226;0.003200;0.003105;0.003087;0.003098;0.003124;0.003243;0.003184;0.003103;0.003353;0.003224;0.003138;0.003183;0.003108;0.003132;0.003325;0.003213;0.003111;0.003226;0.003206;0.003083;0.003109;0.003253;0.003195;0.003204;0.003241;0.003200;0.003190;0.003403;0.003173;0.003131;0.003248;0.003218;0.003099;0.003228;0.003171;0.003111;0.003182;0.003360;0.003207;0.003289;0.003121;0.003230;0.009145;0.005688;0.003181;0.003196;0.003264;0.003192;0.003191;0.003183;0.003096;0.003183;0.003199;0.003208;0.003178;0.003240;0.003127;0.003216;0.003180;0.003257;0.003215;0.003183;0.003135;0.003102;0.003127;0.003345;0.003141;0.003217;0.003225;0.003118;0.003091;0.003200;0.003293;0.003187;0.003221;dynamic;dynamic,31250;31250;32
1000000;0.003444;0.003322;0.003381;0.003322;0.003309;0.003523;0.003323;0.003296;0.003288;0.003274;0.003305;0.003323;0.003473;0.003304;0.003463;0.003473;0.003359;0.003502;0.003494;0.003340;0.003318;0.003290;0.003354;0.003304;0.003286;0.010437;0.003435;0.010602;0.003449;0.003331;0.003320;0.003289;0.003298;0.003330;0.003350;0.003303;0.003305;0.003322;0.003296;0.003328;0.003284;0.003314;0.003332;0.003523;0.003327;0.003360;0.003293;0.003600;0.003368;0.003335;0.003311;0.003314;0.003321;0.003279;0.003881;0.003530;0.003429;0.003912;0.003336;0.003346;0.003335;0.003324;0.003334;0.003274;0.003311;0.003320;0.003301;0.003494;0.003278;0.003323;0.003313;0.003325;0.003368;0.003310;0.003400;0.003316;0.003522;0.003379;0.003319;0.003301;0.003492;0.003454;0.003515;0.003400;0.003497;0.003347;0.003299;0.010818;0.003522;0.003304;0.003367;0.003556;0.003538;0.003291;0.003411;0.003371;0.003449;0.003312;0.003316;0.003610;0.003371;0.003420;0.003335;0.003312;0.003318;0.003293;0.003455;0.003371;0.003320;0.003336;0.003307;0.003361;0.003302;0.003301;0.003442;0.003304;0.003544;0.003384;0.003472;0.003318;0.003300;0.003330;0.003541;0.003418;0.003362;0.003342;0.003326;0.003304;0.003332;0.003528;0.003413;0.003316;0.003468;0.003340;0.003418;0.003322;0.003365;0.003310;0.003313;0.003296;0.003530;0.003426;0.003520;0.003490;0.003441;0.003300;0.003398;0.011910;0.008406;0.003332;0.003284;0.003301;0.003544;0.003384;0.003336;0.003293;0.003411;0.003909;0.003302;0.003329;0.003395;0.003384;0.003314;0.003428;0.003326;0.003357;0.003557;0.003486;0.003296;0.003270;0.003296;0.003483;0.003316;0.003322;0.003310;0.003317;0.003479;0.003548;0.003545;0.003388;0.003317;0.003318;0.003293;0.003348;0.003342;0.003283;0.003330;0.003381;0.003303;0.003316;0.003322;0.003286;0.003365;0.003300;0.003474;0.003287;0.003359;0.003334;0.003278;0.003302;guided;guided,125000;125000;8
1000000;0.003274;0.003191;0.003456;0.009710;0.009636;0.003270;0.003291;0.003182;0.003560;0.003308;0.003265;0.003647;0.003266;0.003286;0.003199;0.003140;0.003195;0.003275;0.003268;0.003310;0.003333;0.003307;0.003293;0.003289;0.003280;0.003292;0.003331;0.003222;0.003202;0.003262;0.003291;0.003258;0.003363;0.003294;0.003190;0.003365;0.003305;0.003364;0.003302;0.003337;0.003352;0.003292;0.003344;0.003341;0.003285;0.003185;0.003302;0.003327;0.003282;0.003317;0.003366;0.003305;0.003154;0.003302;0.003294;0.003360;0.003288;0.003287;0.003358;0.003288;0.003214;0.003364;0.003308;0.003323;0.003305;0.010615;0.005443;0.003305;0.003355;0.003366;0.003350;0.003250;0.003355;0.003284;0.003297;0.003359;0.003254;0.003428;0.003292;0.003230;0.003293;0.003302;0.003336;0.003167;0.003323;0.003314;0.003309;0.003302;0.003296;0.003325;0.003328;0.003320;0.003332;0.003325;0.003329;0.003305;0.003318;0.003248;0.003295;0.003256;0.003372;0.003331;0.003295;0.003371;0.003259;0.008815;0.010449;0.010948;0.005321;0.003373;0.003382;0.003293;0.003335;0.003394;0.003307;0.003298;0.003937;0.003325;0.003312;0.003448;0.003322;0.004002;0.003316;0.010360;0.005236;0.003987;0.003289;0.003437;0.003183;0.003292;0.003294;0.003187;0.003261;0.003312;0.003311;0.003312;0.003298;0.003321;0.003346;0.003298;0.003365;0.003329;0.003381;0.003295;0.003281;0.003232;0.003390;0.003399;0.003334;0.003294;0.003293;0.003317;0.003260;0.003291;0.003415;0.003291;0.003330;0.003376;0.003255;0.003655;0.003299;0.003340;0.003256;0.003312;0.003323;0.003286;0.003217;0.003305;0.003304;0.003287;0.003295;0.003299;0.003278;0.003232;0.003384;0.003343;0.003280;0.003276;0.003357;0.003320;0.003312;0.003320;0.010873;0.008915;0.005593;0.003229;0.003331;0.003900;0.003909;0.003349;0.003271;0.003327;0.003288;0.003310;0.003197;0.003313;0.003282;0.003382;0.003221;0.003298;guided;guided,62500;62500;16
1000000;0.003292;0.003298;0.003301;0.003281;0.003273;0.003344;0.003569;0.003312;0.003300;0.003561;0.003304;0.003314;0.003325;0.003276;0.003292;0.003284;0.003276;0.003424;0.003594;0.003360;0.003292;0.003306;0.003300;0.003281;0.003405;0.003345;0.003357;0.005380;0.003294;0.003289;0.003288;0.003293;0.003501;0.003339;0.003318;0.003301;0.003287;0.003283;0.003329;0.003335;0.003342;0.008941;0.007018;0.003348;0.003315;0.003326;0.003377;0.003314;0.003304;0.003498;0.003365;0.003326;0.003337;0.003329;0.003379;0.003278;0.003257;0.004000;0.003300;0.003318;0.003441;0.003590;0.003442;0.003423;0.003335;0.003337;0.003304;0.003466;0.003312;0.003299;0.003312;0.003344;0.003316;0.003348;0.003354;0.003340;0.003272;0.003318;0.003313;0.003375;0.003536;0.003335;0.003317;0.003605;0.003299;0.003285;0.003348;0.003313;0.003301;0.003354;0.003327;0.003320;0.003310;0.003324;0.003643;0.003308;0.003305;0.003358;0.003299;0.003585;0.003345;0.003315;0.010748;0.005242;0.003294;0.003299;0.003333;0.003600;0.003363;0.003331;0.003276;0.003473;0.003460;0.003339;0.003311;0.003357;0.003324;0.003313;0.003364;0.003310;0.003336;0.003273;0.003295;0.003473;0.003330;0.003348;0.003318;0.003323;0.003588;0.003610;0.003489;0.003343;0.003337;0.003359;0.003298;0.003296;0.003328;0.004032;0.003576;0.003329;0.003324;0.003303;0.003369;0.003306;0.003297;0.003330;0.003284;0.003340;0.003285;0.003275;0.003282;0.003362;0.003968;0.003329;0.003328;0.003285;0.003295;0.003297;0.003295;0.003356;0.003316;0.003688;0.008668;0.009413;0.003303;0.003293;0.003299;0.003324;0.003241;0.003285;0.003280;0.003592;0.003300;0.003306;0.003331;0.003327;0.003289;0.003302;0.003295;0.003310;0.003215;0.003626;0.003568;0.003302;0.003305;0.003304;0.003303;0.003336;0.003301;0.003280;0.003284;0.003279;0.003419;0.003316;0.003293;0.003308;0.003353;0.003342;0.003198;0.003287;guided;guided,41666;41666;24
1000000;0.003322;0.003223;0.003206;0.003306;0.003185;0.003288;0.003279;0.003305;0.003189;0.003210;0.003340;0.003504;0.003457;0.003284;0.003229;0.003209;0.003289;0.003298;0.003300;0.003352;0.003297;0.003356;0.008835;0.004978;0.003220;0.003257;0.003159;0.003314;0.003292;0.003292;0.003352;0.003243;0.003255;0.003475;0.003268;0.003827;0.003176;0.003466;0.003292;0.003328;0.003306;0.003310;0.003301;0.003173;0.003288;0.003256;0.003287;0.003304;0.003188;0.003171;0.003849;0.003299;0.003308;0.003433;0.003195;0.005552;0.003217;0.003316;0.003311;0.003259;0.003363;0.003300;0.003157;0.003225;0.003485;0.003218;0.003329;0.003296;0.003450;0.003247;0.003299;0.003281;0.003270;0.003163;0.003325;0.003261;0.003310;0.003153;0.003208;0.003234;0.003279;0.003344;0.010621;0.004838;0.003326;0.003200;0.003390;0.003218;0.003345;0.003321;0.003221;0.003291;0.003207;0.003294;0.003271;0.003238;0.003290;0.003244;0.003443;0.003283;0.003144;0.003239;0.003284;0.003274;0.003328;0.003186;0.003261;0.003292;0.003281;0.003337;0.003209;0.003203;0.003209;0.003162;0.003351;0.003193;0.003202;0.003252;0.003285;0.003295;0.003313;0.003281;0.004921;0.010761;0.010541;0.008997;0.009028;0.008823;0.009761;0.009121;0.010492;0.008858;0.010649;0.009263;0.003500;0.009312;0.009136;0.003321;0.003366;0.003934;0.003301;0.003311;0.003464;0.003296;0.003331;0.003244;0.003269;0.003288;0.003325;0.003433;0.003665;0.003300;0.003291;0.003308;0.003342;0.003303;0.003294;0.003221;0.003461;0.003330;0.003460;0.003405;0.003290;0.003333;0.003289;0.003281;0.003323;0.003304;0.003312;0.003292;0.003296;0.003372;0.003317;0.003301;0.003304;0.003304;0.003237;0.003283;0.003458;0.003314;0.003158;0.003287;0.003315;0.003226;0.003294;0.003384;0.003477;0.003303;0.003284;0.003326;0.003206;0.003353;0.003299;0.009332;0.010795;0.003308;0.003254;0.003286;0.003374;0.003319;guided;guided,31250;31250;32
