
arr_s:10000000,buckets:100,0_random_generating:0.056332,1_buckets_ins_filling_(squash):0.164198,2_buckets_sorting:1.896079,3_buckets_to_main_array:0.052823,total_time:2.172600
arr_s:10000000,buckets:100,0_random_generating:0.014304,1_buckets_ins_filling_(squash):0.221907,2_buckets_sorting:0.559270,3_buckets_to_main_array:0.011310,total_time:0.806842
arr_s:10000000,buckets:100,0_random_generating:0.014296,1_buckets_ins_filling_(squash):0.110326,2_buckets_sorting:0.547906,3_buckets_to_main_array:0.018841,total_time:0.694984
arr_s:10000000,buckets:200,0_random_generating:0.056963,1_buckets_ins_filling_(squash):0.164719,2_buckets_sorting:1.784744,3_buckets_to_main_array:0.053755,total_time:2.063755
